//------------------------------------------------------------------------------
//------------------------------------------------------------------------------
0
0	0	0	1	2	1	1	1	"波刃剑"	6	6	11	50	20	0	0	0	40	40	0	0	0	1	1	1	1	1	1	1
1	0	0	1	3	1	1	1	"短剑"	3	3	7	20	22	0	0	0	60	0	0	0	0	1	1	1	1	1	1	1
2	0	0	1	3	1	1	1	"西洋剑"	9	9	15	40	23	0	0	0	50	40	0	0	0	1	0	1	1	1	1	1
3	0	20	1	3	1	1	1	"东洋刀"	16	16	26	35	27	0	0	0	80	40	0	0	0	1	0	1	0	1	1	0
4	0	21	1	3	1	1	1	"暗杀者"	12	12	18	30	24	0	0	0	60	40	0	0	0	1	0	1	0	1	1	0
5	0	22	1	3	1	1	1	"极光刀"	36	36	47	30	39	0	0	0	80	50	0	0	0	1	1	1	1	1	1	0
6	0	20	1	3	1	1	1	"拉丁剑"	20	20	30	20	30	0	0	0	110	0	0	0	0	1	0	1	1	1	1	0
7	0	21	1	3	1	1	1	"偃月刀"	24	24	34	25	34	0	0	0	120	0	0	0	0	1	0	1	0	1	1	0
8	0	21	1	3	1	1	1	"巨蛇魔剑"	30	30	40	20	36	0	0	0	130	0	0	0	0	1	0	1	0	1	1	0
9	0	20	2	3	1	1	1	"背叛者"	32	32	46	30	40	0	0	0	103	0	0	0	0	1	0	1	0	1	0	0
10	0	22	2	4	1	1	1	"天行者"	40	47	61	25	50	0	0	0	80	60	0	0	0	1	0	1	1	1	0	0
11	0	20	2	3	1	1	1	"传说之剑"	44	56	72	20	54	0	0	0	120	0	0	0	0	1	0	1	0	1	0	0
12	0	19	2	3	1	1	1	"太阳之剑"	56	73	98	25	66	0	0	0	140	0	0	0	0	1	0	1	0	1	0	0
13	0	22	1	3	1	1	1	"真红之剑"	48	48	56	30	43	0	0	0	70	70	0	0	0	1	0	1	1	1	0	0
14	0	22	1	3	1	1	1	"雷神之剑"	59	59	67	30	50	0	0	0	90	50	0	0	0	1	0	1	1	1	0	0
15	0	23	2	3	1	1	1	"帝王之剑"	52	60	85	20	60	0	0	0	140	0	0	0	0	1	0	1	0	1	0	0
16	0	22	1	4	1	1	1	"破坏之剑"	82	82	90	35	84	0	0	0	160	60	0	0	0	1	0	1	0	1	0	0
17	0	23	2	4	1	1	1	"屠龙刀"	104	128	153	40	89	0	0	0	180	50	0	0	0	1	0	2	0	0	0	0
18	0	23	2	3	1	1	1	"奔雷剑"	105	140	168	40	86	0	0	0	180	50	0	0	0	1	0	0	0	1	0	0
19	0	22	1	4	1	1	0	"大天使之剑"	86	120	130	35	168	0	0	0	140	50	0	0	0	0	0	1	0	1	1	0
20	0	22	1	4	1	1	1	"断月之光"	140	107	115	35	90	0	0	0	116	38	0	0	0	1	0	2	0	0	0	0
21	0	56	2	4	1	1	1	"魔神剑"	140	115	142	40	100	0	115	0	116	53	9	0	0	1	0	0	0	1	0	0
22	0	22	1	4	1	1	1	"龙骨巨晶剑"	147	122	135	40	95	0	0	380	100	35	0	0	0	0	0	2	0	0	0	0
23	0	56	2	4	1	1	1	"傲天魔剑"	147	127	155	45	110	0	134	380	98	48	7	0	0	0	0	0	0	1	0	0
24	0	22	2	4	1	1	1	"暴风锯齿"	115	182	218	40	90	0	0	0	192	30	0	0	0	0	0	2	0	0	0	0
25	0	56	2	4	1	1	1	"烈火巨刃"	115	109	136	40	90	0	108	0	136	57	9	0	0	0	0	0	0	1	0	0
26	0	22	1	4	1	1	1	"虚伪之剑"	137	115	126	40	90	0	0	380	193	53	0	0	0	0	0	2	0	0	0	0
27	0	22	1	4	1	1	1	"杀戮之剑"	133	91	99	35	90	0	0	380	53	176	0	0	0	0	0	2	0	0	0	0
28	0	56	1	4	1	1	1	"双子之剑"	139	98	122	45	90	0	109	380	91	73	17	0	0	0	0	0	0	1	0	0
31	0	56	2	4	1	1	1	"天雷剑"	100	104	130	35	93	0	104	0	135	62	9	0	0	3	0	0	0	1	0	0
51	0	22	1	4	1	1	0	"祝福大天使之剑"	86	120	130	35	168	0	0	0	140	50	0	0	0	0	0	1	0	1	1	0
end

1
0	0	0	1	3	1	1	1	"短斧"	1	1	6	20	18	0	0	0	50	0	0	0	0	1	1	1	1	1	1	1
1	0	0	1	3	1	1	1	"手斧"	4	4	9	30	20	0	0	0	70	0	0	0	0	1	1	1	1	1	1	1
2	0	19	1	3	1	1	1	"双刃斧"	14	14	24	20	26	0	0	0	90	0	0	0	0	1	0	1	0	1	1	0
3	0	19	1	3	1	1	1	"飞翔斧"	18	18	28	30	28	0	0	0	100	0	0	0	0	1	0	1	0	1	1	0
4	0	0	1	3	1	1	1	"精灵之斧"	26	26	38	40	32	0	0	0	50	70	0	0	0	1	1	0	1	1	0	1
5	0	19	2	3	1	1	1	"战士之斧"	30	36	44	20	36	0	0	0	120	0	0	0	0	1	0	1	1	1	0	0
6	0	19	2	3	1	1	1	"斗士之斧"	34	38	50	30	44	0	0	0	130	0	0	0	0	1	0	1	1	1	0	0
7	0	19	2	3	1	1	1	"斗神之斧"	46	54	67	25	55	0	0	0	140	0	0	0	0	1	0	1	0	1	0	0
8	0	19	2	3	1	1	1	"末日之斧"	54	69	89	30	65	0	0	0	100	40	0	0	0	1	1	1	0	1	0	0
end

2
0	0	0	1	3	1	1	1	"石槌"	7	7	13	15	21	0	0	0	100	0	0	0	0	1	0	1	0	1	1	0
1	0	19	1	3	1	1	1	"流星槌"	13	13	22	15	25	0	0	0	100	0	0	0	0	1	0	1	0	1	1	0
2	0	0	1	3	1	1	1	"破坏之槌"	22	22	32	15	32	0	0	0	80	50	0	0	0	1	0	1	0	1	1	0
3	0	19	2	3	1	1	1	"白金之槌"	38	45	56	15	50	0	0	0	150	0	0	0	0	1	0	1	0	1	0	0
4	0	19	2	3	1	1	1	"水晶流星"	66	78	107	30	72	0	0	0	130	0	0	0	0	1	1	1	1	1	0	0
5	0	23	2	4	1	1	1	"玄冰剑"	72	89	120	40	76	0	0	0	130	70	0	0	0	1	1	1	1	1	0	0
6	0	23	2	4	1	1	1	"玛雅龙斧"	75	102	130	35	80	0	0	0	140	50	0	0	0	0	0	1	0	1	0	0
7	0	0	1	3	1	1	1	"精灵之槌"	90	62	80	50	50	0	0	0	15	42	0	0	0	1	0	0	2	0	0	0
8	0	66	1	3	1	1	1	"战斗权杖"	54	41	52	45	40	0	3	0	80	17	0	0	0	1	0	0	0	0	1	0
9	0	66	1	3	1	1	1	"征服权杖"	72	57	68	45	45	0	20	0	87	18	0	0	0	1	0	0	0	0	1	0
10	0	66	1	4	1	1	1	"圣剑权杖"	82	74	85	45	65	0	35	0	100	21	0	0	0	1	0	0	0	0	1	0
11	0	66	1	4	1	1	1	"王者权杖"	98	91	102	40	72	0	52	0	105	23	0	0	0	1	0	0	0	0	1	0
12	0	66	1	4	1	1	1	"至尊权杖"	140	108	120	40	84	0	67	0	90	20	0	0	0	1	0	0	0	0	1	0
13	0	66	1	4	1	1	0	"大天使绝对权杖"	150	120	143	40	90	0	78	0	75	16	0	0	0	1	0	0	0	0	1	0
14	0	66	1	4	1	1	1	"圣尊天使权杖"	146	130	153	40	95	0	84	380	80	15	0	0	0	0	0	0	0	0	1	0
15	0	66	1	4	1	1	1	"圣光权杖"	110	99	111	40	78	0	60	0	108	22	0	0	0	0	0	0	0	0	1	0
16	0	0	1	3	1	1	1	"巨毒之刺"	121	106	146	50	80	0	0	380	27	19	0	0	0	1	0	0	2	0	0	0
17	0	66	1	4	1	1	1	"独裁权杖"	135	114	132	40	90	0	72	380	119	24	0	0	0	0	0	0	0	0	1	0
25	0	66	1	4	1	1	0	"祝福大天使权杖"	150	120	143	40	90	0	78	0	75	16	0	0	0	1	0	0	0	0	1	0
end

3
0	0	22	2	4	1	1	1	"黑武士"	42	50	63	25	56	0	0	0	60	70	0	0	0	1	0	1	1	1	0	0
1	0	0	2	4	1	1	1	"鹤嘴矛"	23	30	41	30	42	0	0	0	70	50	0	0	0	1	0	1	1	1	0	0
2	0	0	2	4	1	1	1	"战矛"	15	21	33	30	34	0	0	0	70	50	0	0	0	1	0	1	1	1	0	0
3	0	0	2	4	1	1	1	"双鹤矛"	29	35	43	25	44	0	0	0	90	30	0	0	0	1	0	1	1	1	0	0
4	0	20	2	4	1	1	1	"巨蛇镰刀"	46	58	80	20	58	0	0	0	90	30	0	0	0	1	0	1	1	1	0	0
5	0	0	2	4	1	1	1	"双刃矛"	13	19	31	30	38	0	0	0	70	50	0	0	0	1	0	1	1	1	0	0
6	0	0	2	4	1	1	1	"斧刃矛"	19	25	35	30	40	0	0	0	70	50	0	0	0	1	0	1	1	1	0	0
7	0	22	2	4	1	1	1	"巴迪之矛"	37	42	54	30	54	0	0	0	80	50	0	0	0	1	0	1	1	1	0	0
8	0	22	2	4	1	1	1	"帝王镰刀"	54	71	92	25	68	0	0	0	90	50	0	0	0	1	0	1	1	1	0	0
9	0	22	2	4	1	1	1	"死神镰刀"	63	76	102	25	74	0	0	0	80	50	0	0	0	1	0	1	1	1	0	0
10	0	22	2	4	1	1	1	"青龙刀"	92	112	140	35	85	0	0	0	170	60	0	0	0	1	0	2	0	0	0	0
end

4
0	1	24	2	3	1	1	1	"短弓"	2	3	5	30	20	0	0	0	20	80	0	0	0	2	0	0	1	0	0	0
1	1	24	2	3	1	1	1	"长弓"	8	9	13	30	24	0	0	0	30	90	0	0	0	2	0	0	1	0	0	0
2	1	24	2	3	1	1	1	"精灵之弓"	16	17	24	30	28	0	0	0	30	90	0	0	0	2	0	0	1	0	0	0
3	1	24	2	3	1	1	1	"巴特之弓"	26	28	37	30	36	0	0	0	30	90	0	0	0	2	0	0	1	0	0	0
4	1	24	2	4	1	1	1	"黄金之虎"	40	42	52	30	43	0	0	0	30	100	0	0	0	2	0	0	1	0	0	0
5	1	24	2	4	1	1	1	"银翼之弓"	56	59	71	40	48	0	0	0	30	100	0	0	0	2	0	0	1	0	0	0
6	1	24	2	4	1	1	1	"玛雅神弓"	75	88	106	35	68	0	0	0	40	150	0	0	0	0	0	0	1	0	0	0
7	1	0	1	1	1	1	1	"弩箭"	0	0	0	0	255	0	0	0	0	0	0	0	0	0	0	0	1	0	0	0
8	0	24	2	2	1	1	1	"石弩"	4	5	8	40	22	0	0	0	20	90	0	0	0	2	0	0	1	0	0	0
9	0	24	2	2	1	1	1	"黄金石弩"	12	13	19	40	26	0	0	0	30	90	0	0	0	2	0	0	1	0	0	0
10	0	24	2	2	1	1	1	"火神弩"	20	22	30	40	31	0	0	0	30	90	0	0	0	2	0	0	1	0	0	0
11	0	24	2	3	1	1	1	"巨人弩"	32	35	44	40	40	0	0	0	30	90	0	0	0	2	0	0	1	0	0	0
12	0	24	2	3	1	1	1	"诱惑之弩"	48	50	61	40	45	0	0	0	30	100	0	0	0	2	0	0	1	0	0	0
13	0	24	2	3	1	1	1	"蓝翎弩"	68	68	82	40	56	0	0	0	40	110	0	0	0	2	0	0	1	0	0	0
14	0	24	2	3	1	1	1	"温蒂妮"	72	78	92	30	60	0	0	0	50	130	0	0	0	2	0	0	1	0	0	0
15	0	0	1	1	1	1	1	"弓箭"	0	0	0	0	255	0	0	0	0	0	0	0	0	0	0	0	1	0	0	0
16	0	24	2	4	1	1	1	"圣者之弩"	84	102	127	35	72	0	0	0	50	160	0	0	0	2	0	0	1	0	0	0
17	1	24	2	4	1	1	1	"圣灵之弓"	92	127	155	35	76	0	0	0	54	198	0	0	0	2	0	0	2	0	0	0
18	0	24	2	3	1	1	0	"大天使之弩"	100	144	166	35	200	0	0	0	40	110	0	0	0	0	0	0	1	0	0	0
19	0	24	2	3	1	1	1	"追月神弩"	100	150	172	40	80	0	0	0	61	285	0	0	0	2	0	0	2	0	0	0
20	1	24	2	4	1	1	1	"红羽神弓"	135	166	190	45	86	0	0	0	52	245	0	0	0	2	0	0	2	0	0	0
21	1	24	2	4	1	1	1	"紫焰之弓"	147	177	200	45	93	0	0	380	46	210	0	0	0	0	0	0	2	0	0	0
22	1	24	2	4	1	1	1	"碧影魔弓"	110	155	177	45	70	0	0	0	60	265	0	0	0	0	0	0	2	0	0	0
23	1	24	2	4	1	1	1	"神羽之弓"	134	162	184	45	80	0	0	380	32	209	0	0	0	2	0	0	2	0	0	0
24	1	24	2	4	1	1	1	"傲视魔弓"	147	170	194	45	88	0	0	0	49	226	0	0	0	0	0	0	2	0	0	0
30	0	24	2	3	1	1	0	"祝福大天使之弩"	100	144	166	35	200	0	0	0	40	110	0	0	0	0	0	0	1	0	0	0
end

5
0	0	0	1	3	1	1	1	"骷髅杖"	6	3	4	20	0	20	6	0	40	0	0	0	0	3	1	0	0	1	0	1
1	0	0	2	3	1	1	1	"天使杖"	18	10	12	25	0	38	20	0	50	0	0	0	0	3	1	0	0	1	0	0
2	0	0	2	3	1	1	1	"毒蛇杖"	30	17	18	25	0	50	34	0	50	0	0	0	0	3	1	0	0	1	0	0
3	0	0	2	4	1	1	1	"闪电杖"	42	23	25	25	0	60	46	0	40	10	0	0	0	3	1	0	0	1	0	0
4	0	0	2	4	1	1	1	"戈登之杖"	52	29	32	25	0	65	58	0	50	0	0	0	0	3	1	0	0	1	0	0
5	0	0	1	4	1	1	1	"传说之杖"	59	29	31	25	0	66	59	0	50	0	0	0	0	3	1	0	0	1	0	0
6	0	0	1	4	1	1	1	"复活之杖"	70	35	39	25	0	70	70	0	60	10	0	0	0	3	1	0	0	1	0	0
7	0	0	2	4	1	1	1	"玛雅雷杖"	75	47	48	30	0	70	94	0	60	10	0	0	0	0	1	0	0	1	0	0
8	0	0	2	4	1	1	1	"毁灭之杖"	90	50	54	30	0	85	101	0	60	10	0	0	0	3	1	0	0	1	0	0
9	0	0	1	4	1	1	1	"麒麟之杖"	100	46	48	30	0	91	92	0	52	16	0	0	0	3	2	0	0	0	0	0
10	0	0	1	4	1	1	0	"大天使之杖"	104	53	55	20	0	182	106	0	36	4	0	0	0	0	1	0	0	1	0	0
11	0	0	1	4	1	1	1	"昆顿之杖"	140	55	61	30	0	95	110	0	45	16	0	0	0	0	2	0	0	1	0	0
12	0	0	1	4	1	1	1	"死神之杖"	147	66	74	30	0	100	130	380	39	13	0	0	0	0	2	0	0	0	0	0
13	0	0	1	4	1	1	1	"幻月雷杖"	110	51	53	30	0	78	120	0	50	16	0	0	0	0	2	0	0	0	0	0
14	0	0	1	4	1	1	1	"迷之杖"	28	17	18	25	0	50	34	0	34	14	0	0	0	0	0	0	0	0	0	1
15	0	0	1	4	1	1	1	"飓风之杖"	42	23	25	25	0	60	46	0	33	17	0	0	0	0	0	0	0	0	0	1
16	0	0	1	4	1	1	1	"红翼之杖"	59	29	31	25	0	65	59	0	36	14	0	0	0	0	0	0	0	0	0	1
17	0	0	1	4	1	1	1	"远古之杖"	78	38	40	25	0	81	76	0	50	19	0	0	0	0	0	0	0	0	0	1
18	0	0	1	4	1	1	1	"魔灵之杖"	100	46	48	30	0	91	92	0	54	15	0	0	0	0	0	0	0	0	0	2
19	0	0	1	4	1	1	1	"风影之杖"	110	51	53	30	0	95	110	380	64	15	0	0	0	0	0	0	0	0	0	2
20	0	0	1	4	1	1	1	"恒翼之杖"	147	66	77	30	0	100	106	380	57	13	0	0	0	0	0	0	0	0	0	2
21	1	223	1	2	1	1	1	"火龙兽之书"	52	0	0	25	0	60	46	0	0	20	135	0	0	0	0	0	0	0	0	1
22	1	224	1	2	1	1	1	"异灵之书"	59	0	0	25	0	65	59	0	0	25	168	0	0	0	0	0	0	0	0	1
23	1	225	1	2	1	1	1	"污灵之书"	65	0	0	25	0	50	72	0	0	30	201	0	0	0	0	0	0	0	0	1
30	0	0	1	4	1	1	1	"致命魔杖"	138	57	59	30	0	91	126	380	47	18	0	0	0	3	0	0	0	1	0	0
31	0	0	1	4	1	1	1	"魔狱之杖"	137	57	61	30	0	182	124	380	48	14	0	0	0	0	2	0	0	0	0	0
32	0	0	1	4	1	1	1	"绝望之仗"	130	70	80	35	0	182	135	380	53	15	0	0	0	0	0	0	0	0	0	1
33	0	0	1	4	1	1	1	"多彩魔杖"	147	55	57	30	0	78	124	0	50	12	0	0	0	0	2	0	0	1	0	0
34	0	0	1	4	1	1	1	"乌鸦魔杖"	147	70	78	30	0	98	130	0	50	14	0	0	0	0	0	0	0	0	0	2
36	0	0	1	4	1	1	0	"大天使之绝对魔杖"	104	153	165	30	0	182	146	0	55	13	0	0	0	0	0	0	0	0	0	1
49	0	0	1	4	1	1	0	"祝福大天使之杖"	104	53	55	20	0	182	106	0	36	4	0	0	0	0	1	0	0	1	0	0
50	0	0	1	4	1	1	0	"祝福大天使魔杖"	104	153	165	30	0	182	146	0	55	13	0	0	0	0	0	0	0	0	0	1
end

6
0	1	0	2	2	1	1	1	"圆盾"	3	1	3	22	0	70	0	0	0	0	4	1	1	1	1	1	0
1	1	0	2	2	1	1	1	"战士之盾"	9	3	9	28	0	100	0	0	0	0	4	0	1	0	1	1	0
2	1	0	2	2	1	1	1	"风之盾"	12	4	12	32	0	110	0	0	0	0	4	0	1	0	1	1	0
3	1	0	2	2	1	1	1	"魔法之盾"	21	8	21	36	0	30	100	0	0	0	4	0	0	1	0	0	0
4	1	18	2	2	1	1	1	"钢铁之盾"	6	2	6	24	0	80	0	0	0	0	4	1	1	1	1	1	0
5	1	18	2	2	1	1	1	"龙之盾"	35	10	36	44	0	100	40	0	0	0	4	0	1	0	1	1	0
6	1	18	2	2	1	1	1	"骷髅之盾"	15	5	15	34	0	110	0	0	0	0	4	1	1	1	1	1	0
7	1	18	2	2	1	1	1	"尖刺之盾"	30	9	30	40	0	130	0	0	0	0	4	0	1	0	1	1	0
8	1	18	2	2	1	1	1	"失落之盾"	40	11	40	46	0	130	0	0	0	0	4	0	1	1	1	1	0
9	1	18	2	2	1	1	1	"远古之盾"	25	8	25	38	0	120	0	0	0	0	4	0	1	0	1	1	0
10	1	18	2	2	1	1	1	"自由之盾"	18	6	18	35	0	120	0	0	0	0	4	0	1	0	1	1	0
11	1	18	2	2	1	1	1	"毒蛇之盾"	45	12	45	48	0	130	0	0	0	0	4	0	1	1	1	1	0
12	1	18	2	2	1	1	1	"布朗司"	54	13	54	52	0	140	0	0	0	0	4	0	1	0	1	0	0
13	1	18	2	2	1	1	1	"火龙之盾"	60	14	60	60	0	120	40	0	0	0	4	0	1	0	1	0	0
14	1	0	2	3	1	1	1	"传说之盾"	48	7	48	50	0	90	25	0	0	0	4	1	0	1	1	0	0
15	1	0	2	3	1	1	1	"麒麟之盾"	74	12	55	55	0	70	23	0	0	0	4	2	0	0	0	0	0
16	1	0	2	2	1	1	1	"精灵之盾"	66	11	28	51	0	30	60	30	0	0	4	0	0	2	0	0	0
17	1	18	2	2	1	1	1	"荣誉之盾"	104	19	90	51	380	95	48	0	0	0	4	0	2	0	0	0	0
18	1	18	2	2	1	1	1	"火蛇之盾"	102	20	96	51	380	80	61	0	0	0	4	0	0	0	1	0	0
19	1	0	2	2	1	1	1	"寒冰之盾"	99	14	58	51	380	26	53	26	0	0	4	0	0	2	0	0	0
20	1	18	2	2	1	1	1	"亡魂之盾"	106	12	30	51	380	54	18	0	0	0	4	2	0	0	0	0	0
21	1	18	2	2	1	1	1	"十字架之盾"	70	16	75	65	0	140	55	0	0	0	4	0	0	0	0	1	0
end

7
0	2	0	2	2	1	1	1	"青铜盔"	16	9	0	34	0	80	20	0	0	0	4	0	1	0	0	1	0
1	2	0	2	2	1	1	1	"龙王之盔"	57	24	0	68	0	120	30	0	0	0	4	0	1	0	0	0	0
2	2	0	2	2	1	1	1	"革盔"	5	4	0	28	0	20	0	0	0	0	4	1	0	0	0	0	0
3	2	0	2	2	1	1	1	"传说之盔"	50	18	0	42	0	30	0	0	0	0	4	1	0	0	0	0	0
4	2	0	2	2	1	1	1	"骷髅头盔"	18	9	0	30	0	30	0	0	0	0	4	1	0	0	0	0	0
5	2	0	2	2	1	1	1	"皮盔"	6	5	0	30	0	80	0	0	0	0	4	0	1	0	0	1	0
6	2	0	2	2	1	1	1	"翡翠盔"	26	12	0	40	0	110	0	0	0	0	4	0	1	0	0	1	0
7	2	0	2	2	1	1	1	"魔王之盔"	32	13	0	36	0	30	0	0	0	0	4	1	0	0	0	0	0
8	2	0	2	2	1	1	1	"黄金盔"	36	17	0	44	0	100	30	0	0	0	4	0	1	0	0	0	0
9	2	0	2	2	1	1	1	"白金盔"	46	20	0	50	0	130	0	0	0	0	4	0	1	0	0	0	0
10	2	0	2	2	1	1	1	"藤盔"	6	4	0	22	0	30	60	0	0	0	4	0	0	1	0	0	0
11	2	0	2	2	1	1	1	"天蚕之盔"	16	8	0	26	0	30	70	0	0	0	4	0	0	1	0	0	0
12	2	0	2	2	1	1	1	"风之盔"	28	12	0	32	0	30	80	0	0	0	4	0	0	1	0	0	0
13	2	0	2	2	1	1	1	"精灵之盔"	40	16	0	38	0	40	80	0	0	0	4	0	0	1	0	0	0
14	2	0	2	2	1	1	1	"女神之盔"	53	23	0	45	0	40	80	0	0	0	4	0	0	1	0	0	0
16	2	0	2	2	1	1	1	"黑龙王之盔"	82	30	0	74	0	170	60	0	0	0	4	0	1	0	0	0	0
17	2	0	2	2	1	1	1	"黑凤凰之盔"	92	43	0	80	0	205	62	0	0	0	4	0	2	0	0	0	0
18	2	0	2	2	1	1	1	"火麒麟之盔"	81	27	0	67	0	59	20	0	0	0	4	2	0	0	0	0	0
19	2	0	2	2	1	1	1	"圣灵之盔"	85	37	0	74	0	50	110	0	0	0	4	0	0	2	0	0	0
21	2	0	2	2	1	1	1	"龙炎之盔"	104	53	0	86	0	200	58	0	0	0	4	0	2	0	0	0	0
22	2	0	2	2	1	1	1	"黑炎之盔"	110	36	0	75	0	55	18	0	0	0	4	2	0	0	0	0	0
24	2	0	2	2	1	1	1	"红羽之盔"	93	46	0	80	0	52	115	0	0	0	4	0	0	2	0	0	0
25	2	0	2	2	1	1	1	"圣元之盔"	46	20	0	42	0	70	20	0	0	0	4	0	0	0	0	1	0
26	2	0	2	2	1	1	1	"圣魂之盔"	66	24	0	56	0	77	21	0	0	0	4	0	0	0	0	1	0
27	2	0	2	2	1	1	1	"神圣之盔"	86	26	0	70	0	84	22	0	0	0	4	0	0	0	0	1	0
28	2	0	2	2	1	1	1	"至尊之盔"	106	34	0	78	0	80	21	0	0	0	4	0	0	0	0	1	0
29	2	0	2	2	1	1	1	"暗黑斗神之盔"	130	66	0	90	380	170	60	0	0	0	0	0	2	0	0	0	0
30	2	0	2	2	1	1	1	"法魂玄灵之盔"	126	48	0	86	380	44	15	0	0	0	0	2	0	0	0	0	0
31	2	0	2	2	1	1	1	"紫灵之盔"	126	57	0	86	380	38	80	0	0	0	0	0	0	2	0	0	0
33	2	0	2	2	1	1	1	"宙斯之盔"	130	46	0	82	380	62	16	0	0	0	0	0	0	0	0	1	0
34	2	0	2	2	1	1	1	"暴风之盔"	67	27	0	72	0	160	50	0	0	0	0	0	1	0	0	0	0
35	2	0	2	2	1	1	1	"幻月之盔"	67	22	0	54	0	53	12	0	0	0	0	1	0	0	0	0	0
36	2	0	2	2	1	1	1	"碧影之盔"	67	30	0	59	0	50	70	0	0	0	0	0	0	1	0	0	0
38	2	0	2	2	1	1	1	"圣光之盔"	97	30	0	74	0	80	21	0	0	0	0	0	0	0	0	1	0
39	2	0	2	2	1	1	1	"飓风之盔"	28	13	0	36	0	31	0	0	0	0	4	0	0	0	0	0	1
40	2	0	2	2	1	1	1	"红翼之盔"	50	18	0	42	0	26	4	0	0	0	4	0	0	0	0	0	1
41	2	0	2	2	1	1	1	"远古之盔"	68	24	0	54	0	52	16	0	0	0	4	0	0	0	0	0	1
42	2	0	2	2	1	1	1	"魔灵之盔"	81	32	0	67	0	60	20	0	0	0	0	0	0	0	0	0	2
43	2	0	2	2	1	1	1	"风影之盔"	110	43	0	75	380	56	20	0	0	0	0	0	0	0	0	0	2
44	2	0	2	2	1	1	1	"恒翼之盔"	116	35	0	86	380	62	20	170	0	0	0	0	0	0	0	0	2
45	2	0	2	2	1	1	1	"泰坦之盔"	111	63	0	86	380	222	32	0	0	0	0	0	1	0	0	0	0
46	2	0	2	2	1	1	1	"勇气之盔"	107	51	0	86	380	74	162	0	0	0	0	0	1	0	0	0	0
49	2	0	2	2	1	1	1	"恐惧之盔"	111	50	0	86	380	55	197	0	0	0	0	0	0	1	0	0	0
50	2	0	2	2	1	1	1	"灵光之盔"	104	44	0	86	380	32	29	138	0	0	0	0	0	1	0	0	0
51	2	0	2	2	1	1	1	"霸王之盔"	111	44	0	86	380	105	38	0	0	0	0	0	0	0	0	1	0
52	2	0	2	2	1	1	1	"冥王之盔"	109	41	0	86	380	60	15	181	0	0	0	1	0	0	0	0	0
53	2	0	2	2	1	1	1	"绝望之盔"	112	80	0	86	380	60	15	0	0	0	0	0	0	0	0	0	1
end

8
0	3	0	2	2	1	1	1	"青铜铠"	18	14	0	34	0	80	20	0	0	0	4	0	1	0	1	1	0
1	3	0	2	3	1	1	1	"龙王之铠"	59	37	0	68	0	120	30	0	0	0	4	0	1	0	1	0	0
2	3	0	2	2	1	1	1	"革铠"	10	7	0	28	0	30	0	0	0	0	4	1	0	0	1	0	0
3	3	0	2	2	1	1	1	"传说之铠"	56	22	0	42	0	40	0	0	0	0	4	1	0	0	1	0	0
4	3	0	2	2	1	1	1	"骷髅铠"	22	13	0	30	0	40	0	0	0	0	4	1	0	0	1	0	0
5	3	0	2	3	1	1	1	"皮铠"	10	10	0	30	0	80	0	0	0	0	4	0	1	0	1	1	0
6	3	0	2	2	1	1	1	"翡翠铠"	28	18	0	40	0	110	0	0	0	0	4	0	1	0	1	1	0
7	3	0	2	3	1	1	1	"魔王之铠"	38	17	0	36	0	40	0	0	0	0	4	1	0	0	1	0	0
8	3	0	2	2	1	1	1	"黄金铠"	38	22	0	44	0	100	30	0	0	0	4	0	1	0	1	0	0
9	3	0	2	2	1	1	1	"白金铠"	48	30	0	50	0	130	0	0	0	0	4	0	1	0	1	0	0
10	3	0	2	2	1	1	1	"藤铠"	10	8	0	22	0	30	60	0	0	0	4	0	0	1	0	0	0
11	3	0	2	2	1	1	1	"天蚕之铠"	20	12	0	26	0	30	70	0	0	0	4	0	0	1	0	0	0
12	3	0	2	2	1	1	1	"风之铠"	32	16	0	32	0	30	80	0	0	0	4	0	0	1	0	0	0
13	3	0	2	2	1	1	1	"精灵之铠"	44	21	0	38	0	40	80	0	0	0	4	0	0	1	0	0	0
14	3	0	2	2	1	1	1	"女神之铠"	57	29	0	45	0	40	80	0	0	0	4	0	0	1	0	0	0
15	3	0	2	3	1	1	1	"亚特兰蒂斯之铠"	80	44	0	80	0	150	70	0	0	0	4	0	0	0	1	0	0
16	3	0	2	3	1	1	1	"黑龙王之铠"	90	48	0	74	0	170	60	0	0	0	4	0	1	0	0	0	0
17	3	0	2	3	1	1	1	"黑凤凰之铠"	100	63	0	80	0	214	65	0	0	0	4	0	2	0	0	0	0
18	3	0	2	3	1	1	1	"火麒麟之铠"	91	33	0	67	0	59	20	0	0	0	4	2	0	0	0	0	0
19	3	0	2	2	1	1	1	"圣灵之铠"	92	44	0	74	0	50	110	0	0	0	4	0	0	2	0	0	0
20	3	0	2	3	1	1	1	"奔雷之铠"	107	60	0	82	0	170	70	0	0	0	4	0	0	0	1	0	0
21	3	0	2	3	1	1	1	"龙炎之铠"	126	75	0	86	0	200	58	0	0	0	4	0	2	0	0	0	0
22	3	0	2	3	1	1	1	"黑炎之铠"	122	43	0	75	0	55	18	0	0	0	4	2	0	0	0	0	0
23	3	0	2	3	1	1	1	"魔神之铠"	128	73	0	90	0	162	66	0	0	0	4	0	0	0	1	0	0
24	3	0	2	2	1	1	1	"红羽之铠"	109	55	0	80	0	52	115	0	0	0	4	0	0	2	0	0	0
25	3	0	2	3	1	1	1	"圣元之铠"	62	25	0	42	0	70	20	0	0	0	4	0	0	0	0	1	0
26	3	0	2	3	1	1	1	"圣魂之铠"	78	36	0	56	0	77	21	0	0	0	4	0	0	0	0	1	0
27	3	0	2	3	1	1	1	"神圣之铠"	96	43	0	70	0	84	22	0	0	0	4	0	0	0	0	1	0
28	3	0	2	3	1	1	1	"至尊之铠"	117	51	0	78	0	80	21	0	0	0	4	0	0	0	0	1	0
29	3	0	2	3	1	1	1	"暗黑斗神之铠"	140	88	0	90	380	170	60	0	0	0	0	0	2	0	0	0	0
30	3	0	2	3	1	1	1	"法魂玄灵之铠"	146	57	0	86	380	44	15	0	0	0	0	2	0	0	0	0	0
31	3	0	2	3	1	1	1	"紫灵之铠"	146	68	0	86	380	38	80	0	0	0	0	0	0	2	0	0	0
32	3	0	2	3	1	1	1	"天魔斗神之铠"	147	86	0	95	380	145	60	0	0	0	0	0	0	0	1	0	0
33	3	0	2	3	1	1	1	"宙斯之铠"	147	64	0	82	380	62	16	0	0	0	0	0	0	0	0	1	0
34	3	0	2	3	1	1	1	"暴风之铠"	75	42	0	72	0	160	50	0	0	0	0	0	1	0	0	0	0
35	3	0	2	3	1	1	1	"幻月之铠"	75	27	0	54	0	53	12	0	0	0	0	1	0	0	0	0	0
36	3	0	2	3	1	1	1	"碧影之铠"	75	36	0	59	0	50	70	0	0	0	0	0	0	1	0	0	0
37	3	0	2	3	1	1	1	"烈火之铠"	105	52	0	81	0	155	50	0	0	0	0	0	0	0	1	0	0
38	3	0	2	3	1	1	1	"圣光之铠"	105	47	0	74	0	80	21	0	0	0	0	0	0	0	0	1	0
39	3	0	2	2	1	1	1	"飓风之铠"	34	22	0	36	0	39	0	0	0	0	4	0	0	0	0	0	1
40	3	0	2	2	1	1	1	"红翼之铠"	56	28	0	42	0	35	8	0	0	0	4	0	0	0	0	0	1
41	3	0	2	2	1	1	1	"远古之铠"	75	35	0	54	0	52	16	0	0	0	4	0	0	0	0	0	1
42	3	0	2	2	1	1	1	"魔灵之铠"	91	45	0	67	0	60	20	0	0	0	0	0	0	0	0	0	2
43	3	0	2	2	1	1	1	"风影之铠"	122	56	0	75	380	57	19	0	0	0	0	0	0	0	0	0	2
44	3	0	2	2	1	1	1	"恒翼之铠"	131	49	0	86	380	62	20	170	0	0	0	0	0	0	0	0	2
45	3	0	2	3	1	1	1	"泰坦之铠"	132	81	0	86	380	222	32	0	0	0	0	0	1	0	0	0	0
46	3	0	2	3	1	1	1	"勇气之铠"	128	62	0	86	380	74	162	0	0	0	0	0	1	0	0	0	0
47	3	0	2	3	1	1	1	"巨石之铠"	131	80	0	86	380	212	57	0	0	0	0	0	0	0	1	0	0
48	3	0	2	3	1	1	1	"破灭之铠"	125	66	0	86	380	62	19	165	0	0	0	0	0	0	1	0	0
49	3	0	2	2	1	1	1	"恐惧之铠"	129	60	0	86	380	55	197	0	0	0	0	0	0	1	0	0	0
50	3	0	2	2	1	1	1	"灵光之铠"	122	52	0	86	380	32	29	138	0	0	0	0	0	1	0	0	0
51	3	0	2	3	1	1	1	"霸王之铠"	132	58	0	86	380	105	38	0	0	0	0	0	0	0	0	1	0
52	3	0	2	3	1	1	1	"冥王之铠"	129	50	0	86	380	60	15	181	0	0	0	1	0	0	0	0	0
53	3	0	2	3	1	1	1	"绝望之铠"	131	80	0	86	380	60	15	0	0	0	0	0	0	0	0	0	1
end

9
0	4	0	2	2	1	1	1	"青铜护腿"	15	10	0	34	0	80	20	0	0	0	4	0	1	0	1	1	0
1	4	0	2	2	1	1	1	"龙王护腿"	55	26	0	68	0	120	30	0	0	0	4	0	1	0	1	0	0
2	4	0	2	2	1	1	1	"革护腿"	8	5	0	28	0	30	0	0	0	0	4	1	0	0	1	0	0
3	4	0	2	2	1	1	1	"传说之护腿"	53	20	0	42	0	40	0	0	0	0	4	1	0	0	1	0	0
4	4	0	2	2	1	1	1	"骷髅护腿"	20	10	0	30	0	40	0	0	0	0	4	1	0	0	1	0	0
5	4	0	2	2	1	1	1	"皮护腿"	8	7	0	30	0	80	0	0	0	0	4	0	1	0	1	1	0
6	4	0	2	2	1	1	1	"翡翠护腿"	25	14	0	40	0	110	0	0	0	0	4	0	1	0	1	1	0
7	4	0	2	2	1	1	1	"魔王之护腿"	34	15	0	36	0	40	0	0	0	0	4	1	0	0	1	0	0
8	4	0	2	2	1	1	1	"黄金护腿"	35	18	0	44	0	100	30	0	0	0	4	0	1	0	1	0	0
9	4	0	2	2	1	1	1	"白金护腿"	45	22	0	50	0	130	0	0	0	0	4	0	1	0	1	0	0
10	4	0	2	2	1	1	1	"藤护腿"	8	6	0	22	0	30	60	0	0	0	4	0	0	1	0	0	0
11	4	0	2	2	1	1	1	"天蚕之护腿"	18	10	0	26	0	30	70	0	0	0	4	0	0	1	0	0	0
12	4	0	2	2	1	1	1	"风之护腿"	30	14	0	32	0	30	80	0	0	0	4	0	0	1	0	0	0
13	4	0	2	2	1	1	1	"精灵之护腿"	42	18	0	38	0	40	80	0	0	0	4	0	0	1	0	0	0
14	4	0	2	2	1	1	1	"女神之护腿"	54	25	0	45	0	40	80	0	0	0	4	0	0	1	0	0	0
15	4	0	2	2	1	1	1	"亚特兰蒂斯之护腿"	74	34	0	80	0	150	70	0	0	0	4	0	0	0	1	0	0
16	4	0	2	2	1	1	1	"黑龙王护腿"	84	40	0	74	0	170	60	0	0	0	4	0	1	0	0	0	0
17	4	0	2	2	1	1	1	"黑凤凰护腿"	96	54	0	80	0	207	63	0	0	0	4	0	2	0	0	0	0
18	4	0	2	2	1	1	1	"火麒麟护腿"	86	30	0	67	0	59	20	0	0	0	4	2	0	0	0	0	0
19	4	0	2	2	1	1	1	"圣灵护腿"	88	39	0	74	0	50	110	0	0	0	4	0	0	2	0	0	0
20	4	0	2	2	1	1	1	"奔雷护腿"	99	49	0	82	0	150	70	0	0	0	4	0	0	0	1	0	0
21	4	0	2	2	1	1	1	"龙炎护腿"	113	65	0	86	0	200	58	0	0	0	4	0	2	0	0	0	0
22	4	0	2	2	1	1	1	"黑炎护腿"	117	39	0	75	0	55	18	0	0	0	4	2	0	0	0	0	0
23	4	0	2	2	1	1	1	"魔神护腿"	122	61	0	90	0	162	66	0	0	0	4	0	0	0	1	0	0
24	4	0	2	2	1	1	1	"红羽护腿"	100	48	0	80	0	52	115	0	0	0	4	0	0	2	0	0	0
25	4	0	2	2	1	1	1	"圣元护腿"	50	21	0	42	0	70	20	0	0	0	4	0	0	0	0	1	0
26	4	0	2	2	1	1	1	"圣魂护腿"	70	26	0	56	0	77	21	0	0	0	4	0	0	0	0	1	0
27	4	0	2	2	1	1	1	"神圣护腿"	92	31	0	70	0	84	22	0	0	0	4	0	0	0	0	1	0
28	4	0	2	2	1	1	1	"至尊护腿"	110	39	0	78	0	80	21	0	0	0	4	0	0	0	0	1	0
29	4	0	2	2	1	1	1	"暗黑斗神护腿"	134	78	0	90	380	170	60	0	0	0	0	0	2	0	0	0	0
30	4	0	2	2	1	1	1	"法魂玄灵护腿"	135	55	0	86	380	44	15	0	0	0	0	2	0	0	0	0	0
31	4	0	2	2	1	1	1	"紫灵护腿"	135	61	0	86	380	38	80	0	0	0	0	0	0	2	0	0	0
32	4	0	2	2	1	1	1	"天魔斗神护腿"	135	74	0	95	380	145	60	0	0	0	0	0	0	0	1	0	0
33	4	0	2	2	1	1	1	"宙斯护腿"	140	52	0	82	380	62	16	0	0	0	0	0	0	0	0	1	0
34	4	0	2	2	1	1	1	"暴风护腿"	69	33	0	72	0	160	50	0	0	0	0	0	1	0	0	0	0
35	4	0	2	2	1	1	1	"幻月护腿"	69	25	0	54	0	53	12	0	0	0	0	1	0	0	0	0	0
36	4	0	2	2	1	1	1	"碧影护腿"	69	32	0	59	0	50	70	0	0	0	0	0	0	1	0	0	0
37	4	0	2	2	1	1	1	"烈火护腿"	101	41	0	81	0	155	50	0	0	0	0	0	0	0	1	0	0
38	4	0	2	2	1	1	1	"圣光护腿"	101	35	0	74	0	80	21	0	0	0	0	0	0	0	0	1	0
39	4	0	2	2	1	1	1	"飓风之护腿"	30	16	0	36	0	36	0	0	0	0	4	0	0	0	0	0	1
40	4	0	2	2	1	1	1	"红翼之护腿"	53	22	0	42	0	35	7	0	0	0	4	0	0	0	0	0	1
41	4	0	2	2	1	1	1	"远古之护腿"	72	28	0	54	0	49	16	0	0	0	4	0	0	0	0	0	1
42	4	0	2	2	1	1	1	"魔灵之护腿"	86	37	0	67	0	60	20	0	0	0	0	0	0	0	0	0	2
43	4	0	2	2	1	1	1	"风影之护腿"	117	49	0	75	380	57	19	0	0	0	0	0	0	0	0	0	2
44	4	0	2	2	1	1	1	"恒翼护腿"	122	41	0	86	380	62	20	170	0	0	0	0	0	0	0	0	2
45	4	0	2	2	1	1	1	"泰坦之护腿"	116	74	0	86	380	222	32	0	0	0	0	0	1	0	0	0	0
46	4	0	2	2	1	1	1	"勇气之护腿"	112	58	0	86	380	74	162	0	0	0	0	0	1	0	0	0	0
47	4	0	2	2	1	1	1	"巨石之护腿"	115	66	0	86	380	212	57	0	0	0	0	0	0	0	1	0	0
48	4	0	2	2	1	1	1	"破灭之护腿"	113	51	0	86	380	62	19	165	0	0	0	0	0	0	1	0	0
49	4	0	2	2	1	1	1	"恐惧之护腿"	116	53	0	86	380	55	197	0	0	0	0	0	0	1	0	0	0
50	4	0	2	2	1	1	1	"灵光之护腿"	109	46	0	86	380	32	29	138	0	0	0	0	0	1	0	0	0
51	4	0	2	2	1	1	1	"霸王之护腿"	116	46	0	86	380	105	38	0	0	0	0	0	0	0	0	1	0
52	4	0	2	2	1	1	1	"冥王之护腿"	114	44	0	86	380	60	15	181	0	0	0	1	0	0	0	0	0
53	4	0	2	2	1	1	1	"绝望之护腿"	115	80	0	86	380	60	15	0	0	0	0	0	0	0	0	0	1
end

10
0	5	0	2	2	1	1	1	"青铜护手"	13	4	4	34	0	80	20	0	0	0	4	0	1	0	1	1	0
1	5	0	2	2	1	1	1	"龙王护手"	52	14	6	68	0	120	30	0	0	0	4	0	1	0	1	0	0
2	5	0	2	2	1	1	1	"革护手"	3	2	0	28	0	20	0	0	0	0	4	1	0	0	1	0	0
3	5	0	2	2	1	1	1	"传说之护手"	44	11	0	42	0	20	0	0	0	0	4	1	0	0	1	0	0
4	5	0	2	2	1	1	1	"骷髅护手"	14	5	0	30	0	20	0	0	0	0	4	1	0	0	1	0	0
5	5	0	2	2	1	1	1	"皮护手"	4	2	8	30	0	80	0	0	0	0	4	0	1	0	1	1	0
6	5	0	2	2	1	1	1	"翡翠护手"	22	7	10	40	0	110	0	0	0	0	4	0	1	0	1	1	0
7	5	0	2	2	1	1	1	"魔王之护手"	28	8	0	36	0	20	0	0	0	0	4	1	0	0	1	0	0
8	5	0	2	2	1	1	1	"黄金护手"	32	9	8	44	0	100	30	0	0	0	4	0	1	0	1	0	0
9	5	0	2	2	1	1	1	"白金护手"	42	12	4	50	0	130	0	0	0	0	4	0	1	0	1	0	0
10	5	0	2	2	1	1	1	"藤护手"	4	2	4	22	0	30	60	0	0	0	4	0	0	1	0	0	0
11	5	0	2	2	1	1	1	"天蚕之护手"	14	4	8	26	0	30	70	0	0	0	4	0	0	1	0	0	0
12	5	0	2	2	1	1	1	"风之护手"	26	6	10	32	0	30	80	0	0	0	4	0	0	1	0	0	0
13	5	0	2	2	1	1	1	"精灵之护手"	38	9	4	38	0	40	80	0	0	0	4	0	0	1	0	0	0
14	5	0	2	2	1	1	1	"女神之护手"	50	15	6	45	0	40	80	0	0	0	4	0	0	1	0	0	0
15	5	0	2	2	1	1	1	"亚特兰蒂斯之护手"	70	20	6	80	0	150	70	0	0	0	4	0	0	0	1	0	0
16	5	0	2	2	1	1	1	"黑龙王护手"	76	22	6	74	0	170	60	0	0	0	4	0	1	0	0	0	0
17	5	0	2	2	1	1	1	"黑凤凰护手"	86	37	6	80	0	205	63	0	0	0	4	0	2	0	0	0	0
18	5	0	2	2	1	1	1	"火麒麟护手"	70	20	5	67	0	49	10	0	0	0	4	2	0	0	0	0	0
19	5	0	2	2	1	1	1	"圣灵护手"	72	29	6	74	0	50	110	0	0	0	4	0	0	2	0	0	0
20	5	0	2	2	1	1	1	"奔雷护手"	88	34	7	82	0	150	70	0	0	0	4	0	0	0	1	0	0
21	5	0	2	2	1	1	1	"龙炎护手"	94	48	6	86	0	200	58	0	0	0	4	0	2	0	0	0	0
22	5	0	2	2	1	1	1	"黑炎护手"	87	30	6	75	0	55	18	0	0	0	4	2	0	0	0	0	0
23	5	0	2	2	1	1	1	"魔神护手"	102	45	7	90	0	162	66	0	0	0	4	0	0	0	1	0	0
24	5	0	2	2	1	1	1	"红羽护手"	84	38	6	80	0	52	115	0	0	0	4	0	0	2	0	0	0
25	5	0	2	2	1	1	1	"圣元护手"	42	12	7	42	0	70	20	0	0	0	4	0	0	0	0	1	0
26	5	0	2	2	1	1	1	"圣魂护手"	57	18	6	56	0	77	21	0	0	0	4	0	0	0	0	1	0
27	5	0	2	2	1	1	1	"神圣护手"	75	21	5	70	0	84	22	0	0	0	4	0	0	0	0	1	0
28	5	0	2	2	1	1	1	"至尊护手"	89	29	4	78	0	80	21	0	0	0	4	0	0	0	0	1	0
29	5	0	2	2	1	1	1	"暗黑斗神护手"	114	60	7	90	380	170	60	0	0	0	0	0	2	0	0	0	0
30	5	0	2	2	1	1	1	"法魂玄灵护手"	111	44	7	86	380	44	15	0	0	0	0	2	0	0	0	0	0
31	5	0	2	2	1	1	1	"紫灵护手"	111	50	7	86	380	38	80	0	0	0	0	0	0	2	0	0	0
32	5	0	2	2	1	1	1	"天魔斗神护手"	127	55	7	95	380	145	60	0	0	0	0	0	0	0	1	0	0
33	5	0	2	2	1	1	1	"宙斯护手"	110	40	5	82	380	62	16	0	0	0	0	0	0	0	0	1	0
34	5	0	2	2	1	1	1	"暴风护手"	61	18	6	72	0	160	50	0	0	0	0	0	1	0	0	0	0
35	5	0	2	2	1	1	1	"幻月护手"	61	15	6	54	0	53	12	0	0	0	0	1	0	0	0	0	0
36	5	0	2	2	1	1	1	"碧影护手"	61	22	6	59	0	50	70	0	0	0	0	0	0	1	0	0	0
37	5	0	2	2	1	1	1	"烈火护手"	91	27	7	81	0	155	50	0	0	0	0	0	0	0	1	0	0
38	5	0	2	2	1	1	1	"圣光护手"	91	25	5	74	0	80	21	0	0	0	0	0	0	0	0	1	0
39	5	0	2	2	1	1	1	"飓风之护手"	24	9	6	36	0	22	0	0	0	0	4	0	0	0	0	0	1
40	5	0	2	2	1	1	1	"红翼之护手"	44	13	8	42	0	18	4	0	0	0	4	0	0	0	0	0	1
41	5	0	2	2	1	1	1	"远古之护手"	61	19	7	54	0	52	16	0	0	0	4	0	0	0	0	0	1
42	5	0	2	2	1	1	1	"魔灵之护手"	70	26	6	67	0	50	10	0	0	0	0	0	0	0	0	0	2
43	5	0	2	2	1	1	1	"风影之护手"	87	34	6	75	380	56	20	0	0	0	0	0	0	0	0	0	2
44	5	0	2	2	1	1	1	"恒翼护手"	102	29	0	86	380	62	20	170	0	0	0	0	0	0	0	0	2
45	5	0	2	2	1	1	1	"泰坦之护手"	100	56	7	86	380	222	32	0	0	0	0	0	1	0	0	0	0
46	5	0	2	2	1	1	1	"勇气之护手"	97	42	7	86	380	74	162	0	0	0	0	0	1	0	0	0	0
47	5	0	2	2	1	1	1	"巨石之护手"	101	49	7	86	380	212	57	0	0	0	0	0	0	0	1	0	0
48	5	0	2	2	1	1	1	"破灭之护手"	99	40	7	86	380	62	19	165	0	0	0	0	0	0	1	0	0
49	5	0	2	2	1	1	1	"恐惧之护手"	100	43	7	86	380	55	197	0	0	0	0	0	0	1	0	0	0
50	5	0	2	2	1	1	1	"灵光之护手"	95	36	7	86	380	32	29	138	0	0	0	0	0	1	0	0	0
51	5	0	2	2	1	1	1	"霸王之护手"	101	34	7	86	380	105	38	0	0	0	0	0	0	0	0	1	0
52	5	0	2	2	1	1	1	"冥王之护手"	100	31	7	86	380	60	15	181	0	0	0	1	0	0	0	0	0
53	5	0	2	2	1	1	1	"绝望之护手"	98	80	7	86	380	60	56	19	0	0	0	0	0	0	0	0	1
end

11
0	6	0	2	2	1	1	1	"青铜靴"	12	4	10	34	0	80	20	0	0	0	4	0	1	0	1	1	0
1	6	0	2	2	1	1	1	"龙王之靴"	54	15	2	68	0	120	30	0	0	0	4	0	1	0	1	0	0
2	6	0	2	2	1	1	1	"革靴"	4	3	10	28	0	20	0	0	0	0	4	1	0	0	1	0	0
3	6	0	2	2	1	1	1	"传说之靴"	46	12	0	42	0	30	0	0	0	0	4	1	0	0	1	0	0
4	6	0	2	2	1	1	1	"骷髅靴"	16	6	6	30	0	30	0	0	0	0	4	1	0	0	1	0	0
5	6	0	2	2	1	1	1	"皮靴"	5	2	12	30	0	80	0	0	0	0	4	0	1	0	1	1	0
6	6	0	2	2	1	1	1	"翡翠靴"	22	8	8	40	0	110	0	0	0	0	4	0	1	0	1	1	0
7	6	0	2	2	1	1	1	"魔王之靴"	30	9	8	36	0	30	0	0	0	0	4	1	0	0	1	0	0
8	6	0	2	2	1	1	1	"黄金靴"	32	10	6	44	0	100	30	0	0	0	4	0	1	0	1	0	0
9	6	0	2	2	1	1	1	"白金靴"	42	12	4	50	0	130	0	0	0	0	4	0	1	0	1	0	0
10	6	0	2	2	1	1	1	"藤靴"	5	2	0	22	0	30	60	0	0	0	4	0	0	1	0	0	0
11	6	0	2	2	1	1	1	"天蚕之靴"	15	4	0	26	0	30	70	0	0	0	4	0	0	1	0	0	0
12	6	0	2	2	1	1	1	"风之靴"	27	7	0	32	0	30	80	0	0	0	4	0	0	1	0	0	0
13	6	0	2	2	1	1	1	"精灵之靴"	40	10	0	38	0	40	80	0	0	0	4	0	0	1	0	0	0
14	6	0	2	2	1	1	1	"女神之靴"	52	16	0	45	0	40	80	0	0	0	4	0	0	1	0	0	0
15	6	0	2	2	1	1	1	"亚特兰蒂斯之靴"	72	22	2	80	0	150	70	0	0	0	4	0	0	0	1	0	0
16	6	0	2	2	1	1	1	"黑龙王之靴"	78	24	2	74	0	170	60	0	0	0	4	0	1	0	0	0	0
17	6	0	2	2	1	1	1	"黑凤凰之靴"	93	40	2	80	0	198	60	0	0	0	4	0	2	0	0	0	0
18	6	0	2	2	1	1	1	"火麒麟之靴"	76	22	0	67	0	59	10	0	0	0	4	2	0	0	0	0	0
19	6	0	2	2	1	1	1	"圣灵之靴"	81	30	0	74	0	50	110	0	0	0	4	0	0	2	0	0	0
20	6	0	2	2	1	1	1	"奔雷之靴"	92	37	2	82	0	150	70	0	0	0	4	0	0	0	1	0	0
21	6	0	2	2	1	1	1	"龙炎之靴"	98	50	0	86	0	200	58	0	0	0	4	0	2	0	0	0	0
22	6	0	2	2	1	1	1	"黑炎之靴"	95	31	0	75	0	55	18	0	0	0	4	2	0	0	0	0	0
23	6	0	2	2	1	1	1	"魔神之靴"	110	50	0	90	0	162	66	0	0	0	4	0	0	0	1	0	0
24	6	0	2	2	1	1	1	"红羽之靴"	87	40	0	80	0	52	115	0	0	0	4	0	0	2	0	0	0
25	6	0	2	2	1	1	1	"圣元之靴"	45	13	0	42	0	70	20	0	0	0	4	0	0	0	0	1	0
26	6	0	2	2	1	1	1	"圣魂之靴"	60	20	0	56	0	77	21	0	0	0	4	0	0	0	0	1	0
27	6	0	2	2	1	1	1	"神圣之靴"	83	25	0	70	0	84	22	0	0	0	4	0	0	0	0	1	0
28	6	0	2	2	1	1	1	"至尊之靴"	95	33	0	78	0	80	21	0	0	0	4	0	0	0	0	1	0
29	6	0	2	2	1	1	1	"暗黑斗神之靴"	119	63	0	90	380	170	60	0	0	0	0	0	2	0	0	0	0
30	6	0	2	2	1	1	1	"法魂玄灵之靴"	119	47	0	86	380	44	15	0	0	0	0	2	0	0	0	0	0
31	6	0	2	2	1	1	1	"紫灵之靴"	119	53	0	86	380	38	80	0	0	0	0	0	0	2	0	0	0
32	6	0	2	2	1	1	1	"天魔斗神之靴"	131	61	0	95	380	145	60	0	0	0	0	0	0	0	1	0	0
33	6	0	2	2	1	1	1	"宙斯之靴"	121	44	0	82	380	62	16	0	0	0	0	0	0	0	0	1	0
34	6	0	2	2	1	1	1	"暴风之靴"	68	19	0	72	0	160	50	0	0	0	0	0	1	0	0	0	0
35	6	0	2	2	1	1	1	"幻月之靴"	68	17	0	54	0	53	12	0	0	0	0	1	0	0	0	0	0
36	6	0	2	2	1	1	1	"碧影之靴"	68	23	0	59	0	50	70	0	0	0	0	0	0	1	0	0	0
37	6	0	2	2	1	1	1	"烈火之靴"	98	29	0	81	0	155	50	0	0	0	0	0	0	0	1	0	0
38	6	0	2	2	1	1	1	"圣光之靴"	98	29	0	74	0	80	21	0	0	0	0	0	0	0	0	1	0
39	6	0	2	2	1	1	1	"飓风之靴"	26	11	0	36	0	27	0	0	0	0	4	0	0	0	0	0	1
40	6	0	2	2	1	1	1	"红翼之靴"	46	15	0	42	0	25	4	0	0	0	4	0	0	0	0	0	1
41	6	0	2	2	1	1	1	"远古之靴"	65	21	0	54	0	53	16	0	0	0	4	0	0	0	0	0	1
42	6	0	2	2	1	1	1	"魔灵之靴"	76	28	0	67	0	60	10	0	0	0	0	0	0	0	0	0	2
43	6	0	2	2	1	1	1	"风影之靴"	95	38	0	75	380	57	20	0	0	0	0	0	0	0	0	0	2
44	6	0	2	2	1	1	1	"恒翼之靴"	99	32	0	86	380	62	20	170	0	0	0	0	0	0	0	0	2
45	6	0	2	2	1	1	1	"泰坦之靴"	96	57	0	86	380	222	32	0	0	0	0	0	1	0	0	0	0
46	6	0	2	2	1	1	1	"勇气之靴"	93	45	0	86	380	74	162	0	0	0	0	0	1	0	0	0	0
47	6	0	2	2	1	1	1	"巨石之靴"	97	54	0	86	380	212	57	0	0	0	0	0	0	0	1	0	0
48	6	0	2	2	1	1	1	"破灭之靴"	94	44	0	86	380	62	19	165	0	0	0	0	0	0	1	0	0
49	6	0	2	2	1	1	1	"恐惧之靴"	97	42	0	86	380	55	197	0	0	0	0	0	0	1	0	0	0
50	6	0	2	2	1	1	1	"灵光之靴"	92	35	0	86	380	32	29	138	0	0	0	0	0	1	0	0	0
51	6	0	2	2	1	1	1	"霸王之靴"	98	38	0	86	380	105	38	0	0	0	0	0	0	0	0	1	0
52	6	0	2	2	1	1	1	"冥王之靴"	94	34	0	86	380	60	15	181	0	0	0	1	0	0	0	0	0
53	6	0	2	2	1	1	1	"绝望之靴"	97	80	0	86	380	60	15	0	0	0	0	0	0	0	0	0	1
end

12
0	7	0	3	2	1	1	1	"精灵之翼"	100	10	200	180	0	0	0	0	0	0	0	1	0	0	0
1	7	0	5	3	1	1	1	"天使之翼"	100	10	200	180	0	0	0	0	0	1	0	0	1	0	0
2	7	0	5	2	1	1	1	"恶魔之翼"	100	20	200	180	0	0	0	0	0	0	1	0	1	0	0
3	7	0	5	3	1	1	1	"圣灵之翼"	150	30	200	215	0	0	0	0	0	0	0	2	0	0	0
4	7	0	5	3	1	1	1	"魔魂之翼"	150	30	200	215	0	0	0	0	0	2	0	0	0	0	0
5	7	0	3	3	1	1	1	"飞龙之翼"	150	45	200	215	0	0	0	0	0	0	2	0	0	0	0
6	7	0	4	2	1	1	1	"暗黑之翼"	150	40	200	215	0	0	0	0	0	0	0	0	1	0	0
7	-1	0	1	1	1	1	1	"霹雳回旋斩之石"	47	0	0	80	0	0	0	0	29000	0	1	0	1	0	0
8	-1	0	1	1	1	1	1	"治疗之石"	8	0	0	0	100	0	0	0	800	0	0	1	0	0	0
9	-1	0	1	1	1	1	1	"防御之石"	13	0	0	0	100	0	0	0	3000	0	0	1	0	0	0
10	-1	0	1	1	1	1	1	"攻击之石"	18	0	0	0	100	0	0	0	7000	0	0	1	0	0	0
11	-1	0	1	1	1	1	1	"召唤之石"	3	0	0	0	0	0	0	0	150	0	0	1	0	0	0
12	-1	0	1	1	1	1	1	"雷霆裂闪之石"	78	0	0	170	0	0	0	0	150000	0	2	0	0	0	0
13	-1	0	1	1	1	1	1	"钻云枪之石"	20	0	0	28	0	0	0	0	10000	0	1	0	1	0	0
14	-1	0	1	1	1	1	1	"生命之光之石"	60	0	0	120	0	0	0	0	43000	0	1	0	0	0	0
15	-1	0	1	1	1	1	1	"玛雅之石"	12	0	0	0	0	0	0	0	0	1	1	1	1	1	0
16	-1	0	1	1	1	1	1	"玄月斩之石"	60	0	0	0	0	320	0	0	51000	0	0	0	1	0	0
17	-1	0	1	1	1	1	1	"穿透箭之石"	64	0	0	130	0	0	0	0	72000	0	0	1	0	0	0
18	-1	0	1	1	1	1	1	"冰封箭之石"	81	0	0	0	0	0	258	0	195000	0	0	2	0	0	0
19	-1	0	1	1	1	1	1	"袭风刺之石"	72	0	0	160	0	0	0	0	85000	0	2	0	0	0	0
21	-1	0	1	2	1	1	1	"星云火链卷轴"	74	0	0	0	20	0	0	0	115000	0	0	0	0	1	0
22	-1	0	1	2	1	1	1	"星云召唤卷轴"	98	0	0	0	34	0	0	400	375000	0	0	0	0	1	0
23	-1	0	1	2	1	1	1	"致命圣印卷轴"	82	0	0	0	25	0	0	300	220000	0	0	0	0	1	0
24	-1	0	1	2	1	1	1	"圣极光卷轴"	92	0	0	0	29	0	0	340	295000	0	0	0	0	1	0
26	-1	0	1	1	1	1	1	"神秘珠子"	0	0	0	0	0	0	0	0	0	1	1	1	1	1	1
30	-1	0	1	1	1	1	1	"祝福石组合"	25	0	0	0	0	0	0	0	0	1	1	1	1	1	1
31	-1	0	1	1	1	1	1	"灵魂石组合"	30	0	0	0	0	0	0	0	0	1	1	1	1	1	1
32	-1	0	1	1	1	1	1	"红色圣诞箱"	0	0	0	0	0	0	0	0	0	1	1	1	1	1	1
33	-1	0	1	1	1	1	1	"绿色圣诞箱"	0	0	0	0	0	0	0	0	0	1	1	1	1	1	1
34	-1	0	1	1	1	1	1	"蓝色圣诞箱"	0	0	0	0	0	0	0	0	0	1	1	1	1	1	1
35	-1	0	1	2	1	1	1	"火舞旋风卷轴"	102	0	0	0	32	0	0	70	300000	0	0	0	0	1	0
36	7	0	4	3	1	1	1	"暴风之翼"	150	60	220	400	0	0	0	0	0	0	3	0	0	0	0
37	7	0	4	3	1	1	1	"时空之翼"	150	45	220	400	0	0	0	0	0	3	0	0	0	0	0
38	7	0	4	3	1	1	1	"幻影之翼"	150	45	220	400	0	0	0	0	0	0	0	3	0	0	0
39	7	0	4	3	1	1	1	"破灭之翼"	150	55	220	400	0	0	0	0	0	0	0	0	3	0	0
40	7	0	2	3	1	1	1	"帝王披风"	150	45	220	400	0	0	0	0	0	0	0	0	0	3	0
41	7	0	4	2	1	1	1	"灾难之翼"	100	10	200	180	0	0	0	0	0	0	0	0	0	0	1
42	7	0	4	3	1	1	1	"绝望之翼"	150	30	200	215	0	0	0	0	0	0	0	0	0	0	2
43	7	0	4	3	1	1	1	"次元之翼"	150	45	220	400	0	0	0	0	0	0	0	0	0	0	3
44	-1	0	1	1	1	1	1	"破坏一击之石"	100	0	0	220	0	0	0	0	380000	0	2	0	0	0	0
45	-1	0	1	1	1	1	1	"五重箭之石"	100	0	0	220	0	0	0	0	380000	0	0	2	0	0	0
46	-1	0	1	1	1	1	1	"防护值恢复之石"	100	0	0	220	37	0	0	0	250000	0	0	2	0	0	0
47	-1	0	1	1	1	1	1	"火剑袭之石"	100	0	0	220	0	0	0	0	380000	0	0	0	1	0	0
48	-1	0	1	2	1	1	1	"黑暗之力卷轴"	100	0	0	220	16	0	0	0	380000	0	0	0	0	1	0
60	-1	0	1	1	1	1	1	"荧之石（火）"	150	0	0	0	0	0	0	0	500000	1	1	1	1	1	1
61	-1	0	1	1	1	1	1	"荧之石（水）"	150	0	0	0	0	0	0	0	500000	1	1	1	1	1	1
62	-1	0	1	1	1	1	1	"荧之石（冰）"	150	0	0	0	0	0	0	0	500000	1	1	1	1	1	1
63	-1	0	1	1	1	1	1	"荧之石（风）"	150	0	0	0	0	0	0	0	500000	1	1	1	1	1	1
64	-1	0	1	1	1	1	1	"荧之石（雷）"	150	0	0	0	0	0	0	0	500000	1	1	1	1	1	1
65	-1	0	1	1	1	1	1	"荧之石（土）"	150	0	0	0	0	0	0	0	500000	1	1	1	1	1	1
70	-1	0	1	1	1	1	1	"光之石（一）"	102	0	0	0	0	0	0	0	100000	1	1	1	1	1	1
100	-1	0	1	1	1	1	1	"荧光宝石（火）"	1	0	0	0	0	0	0	0	1050000	1	1	1	1	1	1
101	-1	0	1	1	1	1	1	"荧光宝石（水）"	1	0	0	0	0	0	0	0	1050000	1	1	1	1	1	1
102	-1	0	1	1	1	1	1	"荧光宝石（冰）"	1	0	0	0	0	0	0	0	1050000	1	1	1	1	1	1
103	-1	0	1	1	1	1	1	"荧光宝石（风）"	1	0	0	0	0	0	0	0	1050000	1	1	1	1	1	1
104	-1	0	1	1	1	1	1	"荧光宝石（雷）"	1	0	0	0	0	0	0	0	1050000	1	1	1	1	1	1
105	-1	0	1	1	1	1	1	"荧光宝石（土）"	1	0	0	0	0	0	0	0	1050000	1	1	1	1	1	1
180	7	0	4	3	1	1	1	"新增翅膀1"	150	60	220	380	0	0	0	0	0	3	3	3	3	3	3
181	7	0	3	3	1	1	1	"新增翅膀2"	150	60	220	380	0	0	0	0	0	3	3	3	3	3	3
182	7	0	4	3	1	1	1	"新增翅膀3"	150	60	220	380	0	0	0	0	0	3	3	3	3	3	3
183	7	0	4	3	1	1	1	"新增翅膀4"	150	60	220	380	0	0	0	0	0	3	3	3	3	3	3
184	7	0	4	3	1	1	1	"新增翅膀5"	150	60	220	380	0	0	0	0	0	3	3	3	3	3	3
185	7	0	4	3	1	1	1	"新增翅膀6"	150	60	220	380	0	0	0	0	0	3	3	3	3	3	3
186	7	0	4	3	1	1	1	"新增翅膀7"	150	60	220	380	0	0	0	0	0	3	3	3	3	3	3
187	7	0	4	3	1	1	1	"新增翅膀8"	150	60	220	380	0	0	0	0	0	3	3	3	3	3	3
188	7	0	4	3	1	1	1	"新增翅膀9"	150	60	220	380	0	0	0	0	0	3	3	3	3	3	3
189	7	0	4	3	1	1	1	"新增翅膀10"	150	60	220	380	0	0	0	0	0	3	3	3	3	3	3
190	7	0	4	3	1	1	1	"新增翅膀11"	150	60	220	380	0	0	0	0	0	3	3	3	3	3	3
191	7	0	4	3	1	1	1	"新增翅膀12"	150	60	220	380	0	0	0	0	0	3	3	3	3	3	3
192	7	0	4	3	1	1	1	"新增翅膀13"	150	60	220	380	0	0	0	0	0	3	3	3	3	3	3
193	7	0	4	3	1	1	1	"新增翅膀14"	150	60	220	380	0	0	0	0	0	3	3	3	3	3	3
194	7	0	4	3	1	1	1	"新增翅膀15"	150	60	220	380	0	0	0	0	0	3	3	3	3	3	3
195	7	0	4	3	1	1	1	"新增翅膀16"	150	60	220	380	0	0	0	0	0	3	3	3	3	3	3
196	7	0	4	3	1	1	1	"新增翅膀17"	150	60	220	380	0	0	0	0	0	3	3	3	3	3	3
197	7	0	4	3	1	1	1	"新增翅膀18"	150	60	220	380	0	0	0	0	0	3	3	3	3	3	3
198	7	0	4	3	1	1	1	"新增翅膀19"	150	60	220	380	0	0	0	0	0	3	3	3	3	3	3
199	7	0	4	3	1	1	1	"新增翅膀20"	150	60	220	380	0	0	0	0	0	3	3	3	3	3	3
200	7	0	4	3	1	1	1	"新增翅膀21"	150	60	220	380	0	0	0	0	0	3	3	3	3	3	3
201	7	0	4	3	1	1	1	"新增翅膀22"	150	60	220	380	0	0	0	0	0	3	3	3	3	3	3
202	7	0	4	3	1	1	1	"新增翅膀23"	150	60	220	380	0	0	0	0	0	3	3	3	3	3	3
203	7	0	4	3	1	1	1	"新增翅膀24"	150	60	220	380	0	0	0	0	0	3	3	3	3	3	3
204	7	0	4	3	1	1	1	"新增翅膀25"	150	60	220	380	0	0	0	0	0	3	3	3	3	3	3
205	7	0	4	3	1	1	1	"新增翅膀26"	150	60	220	380	0	0	0	0	0	3	3	3	3	3	3
206	7	0	4	3	1	1	1	"新增翅膀27"	150	60	220	380	0	0	0	0	0	3	3	3	3	3	3
207	7	0	4	3	1	1	1	"新增翅膀28"	150	60	220	380	0	0	0	0	0	3	3	3	3	3	3
208	7	0	4	3	1	1	1	"新增翅膀29"	150	60	220	380	0	0	0	0	0	3	3	3	3	3	3
209	7	0	4	3	1	1	1	"新增翅膀30"	150	60	220	380	0	0	0	0	0	3	3	3	3	3	3
210	7	0	4	3	1	1	1	"新增翅膀31"	150	60	220	380	0	0	0	0	0	3	3	3	3	3	3
end

13
0	8	0	1	1	1	1	1	"守护天使"	23	255	0	0	0	0	0	0	0	0	1	1	1	1	1	1
1	8	0	1	1	1	1	1	"小恶魔"	28	255	0	0	0	0	0	0	0	0	1	1	1	1	1	1
2	8	0	1	1	1	1	1	"兽角"	25	255	0	0	0	0	0	0	0	0	1	1	1	1	1	1
3	8	49	1	1	1	1	1	"彩云兽"	110	255	0	0	0	0	0	0	0	0	1	1	1	1	1	1
4	8	62	1	1	1	1	1	"黑王马之角"	218	255	0	0	0	0	0	0	0	0	1	1	1	1	1	1
5	1	0	1	1	1	1	1	"天鹰之爪"	0	255	0	0	0	0	0	0	0	0	1	1	1	1	1	0
7	-1	0	1	1	1	1	1	"召唤佣兵"	0	255	0	0	0	0	0	0	0	0	1	1	1	1	1	1
8	10	0	1	1	1	1	1	"冰之指环"	20	50	1	0	0	0	0	0	0	2	1	1	1	1	1	1
9	10	0	1	1	1	1	1	"毒之指环"	17	50	0	1	0	0	0	0	0	4	1	1	1	1	1	1
10	10	0	1	1	1	1	1	"变身戒指"	0	200	0	0	0	0	0	0	0	0	1	1	1	1	1	1
11	-1	0	1	1	1	1	1	"复活石"	0	255	0	0	0	0	0	0	0	0	1	1	1	1	1	1
12	9	0	1	1	1	1	1	"雷之项链"	21	50	0	0	1	0	0	0	0	3	1	1	1	1	1	1
13	9	0	1	1	1	1	1	"火之项链"	13	50	0	0	0	1	0	0	0	1	1	1	1	1	1	1
14	-1	0	1	2	1	1	1	"洛克之羽"	78	0	0	0	0	0	0	0	0	0	1	1	1	1	1	1
15	-1	0	1	1	1	1	1	"果实"	0	0	0	0	0	0	0	0	0	0	1	1	1	1	1	1
16	-1	0	1	2	1	1	1	"血灵之书"	0	128	0	0	0	0	0	0	0	0	1	1	1	1	1	1
17	-1	0	1	2	1	1	1	"血灵之骷"	0	128	0	0	0	0	0	0	0	0	1	1	1	1	1	1
18	-1	0	2	2	1	1	1	"透明披风"	0	255	0	0	0	0	0	0	0	0	1	1	1	1	1	1
19	-1	0	1	2	1	1	1	"大天使之武器"	0	255	0	0	0	0	0	0	0	0	1	1	1	1	1	1
20	10	0	1	1	1	1	1	"魔法戒指"	0	30	0	0	0	0	0	0	0	0	1	1	1	1	1	1
21	10	0	1	1	1	1	1	"火之指环"	30	50	0	0	0	1	0	0	0	3	1	1	1	1	1	1
22	10	0	1	1	1	1	1	"地之指环"	38	50	0	0	0	0	1	0	0	1	1	1	1	1	1	1
23	10	0	1	1	1	1	1	"风之指环"	44	50	0	0	0	0	0	1	0	2	1	1	1	1	1	1
24	10	0	1	1	1	1	1	"魔之指环"	47	50	0	0	0	0	0	0	0	3	1	1	1	1	1	1
25	9	0	1	1	1	1	1	"冰之项链"	34	50	1	0	0	0	0	0	0	1	1	1	1	1	1	1
26	9	0	1	1	1	1	1	"风之项链"	42	50	0	0	0	0	0	1	0	2	1	1	1	1	1	1
27	9	0	1	1	1	1	1	"水之项链"	46	50	0	0	0	0	0	0	1	4	1	1	1	1	1	1
28	9	0	1	1	1	1	1	"紫晶项链"	50	50	0	0	0	0	0	0	0	0	1	1	1	1	1	1
29	-1	0	2	2	1	1	1	"卫兵铠甲"	0	0	0	0	0	0	0	0	0	0	1	1	1	1	1	1
30	7	0	2	3	1	1	1	"王者披风"	180	200	0	0	0	0	0	0	0	0	0	0	0	0	1	0
31	-1	0	1	1	1	1	1	"兽之灵魂"	0	0	0	0	0	0	0	0	0	0	0	0	0	0	1	0
32	-1	0	1	1	1	1	1	"破烂的铠甲片"	0	1	0	0	0	0	0	0	0	0	1	1	1	1	1	1
33	-1	0	1	1	1	1	1	"女神的灵智"	0	1	0	0	0	0	0	0	0	0	1	1	1	1	1	1
34	-1	0	1	1	1	1	1	"猛兽的脚甲"	0	1	0	0	0	0	0	0	0	0	1	1	1	1	1	1
35	-1	0	1	1	1	1	1	"碎角片"	0	1	0	0	0	0	0	0	0	0	1	1	1	1	1	1
36	-1	0	2	2	1	1	1	"折断的角"	0	1	0	0	0	0	0	0	0	0	1	1	1	1	1	1
37	8	0	2	2	1	1	1	"炎狼兽之角"	300	255	0	0	0	0	0	0	0	0	2	2	2	1	1	2
38	10	0	1	1	1	1	1	"悬石"	21	120	0	0	0	0	0	0	0	3	1	1	1	1	1	1
39	10	0	1	1	1	1	1	"骷髅战士变身指环"	10	255	0	0	0	0	0	0	0	0	1	1	1	1	1	1
40	10	0	1	1	1	1	1	"南瓜灯变身指环"	10	100	0	0	0	0	0	0	0	0	1	1	1	1	1	1
41	10	0	1	1	1	1	1	"圣诞变身指环"	1	100	0	0	0	0	0	0	0	0	1	1	1	1	1	1
42	10	0	1	1	1	1	1	"GM变身指环"	0	255	255	255	255	255	255	255	255	0	1	1	1	1	1	1
43	10	0	1	1	1	1	1	"经验印章"	0	0	0	0	0	0	0	0	0	0	1	1	1	1	1	1
44	10	0	1	1	1	1	1	"神圣印章"	0	0	0	0	0	0	0	0	0	0	1	1	1	1	1	1
45	10	0	1	1	1	1	1	"贡献印章"	0	0	0	0	0	0	0	0	0	0	1	1	1	1	1	1
46	-1	0	1	1	1	1	1	"恶魔广场自由入场券"	0	10	0	0	0	0	0	0	0	0	1	1	1	1	1	1
47	-1	0	1	1	1	1	1	"血色城堡自由入场券"	0	10	0	0	0	0	0	0	0	0	1	1	1	1	1	1
48	-1	0	1	1	1	1	1	"卡利玛自由入场券"	0	10	0	0	0	0	0	0	0	0	1	1	1	1	1	1
49	-1	0	1	1	1	1	1	"旧卷纸"	0	0	0	0	0	0	0	0	0	0	1	1	1	1	1	1
50	-1	0	1	2	1	1	1	"幻影教药水"	0	0	0	0	0	0	0	0	0	0	1	1	1	1	1	1
51	-1	0	2	2	1	1	1	"血的卷纸"	0	1	0	0	0	0	0	0	0	0	1	1	1	1	1	1
52	-1	0	1	2	1	1	1	"神鹰火种"	0	0	0	0	0	0	0	0	0	0	1	1	1	1	1	1
53	-1	0	1	2	1	1	1	"神鹰之羽"	0	0	0	0	0	0	0	0	0	0	1	1	1	1	1	1
54	-1	0	1	1	1	1	1	"力量洗点果实"	0	0	0	0	0	0	0	0	0	0	1	1	1	1	1	1
55	-1	0	1	1	1	1	1	"敏捷洗点果实"	0	100	0	0	0	0	0	0	0	0	1	1	1	1	1	1
56	-1	0	1	1	1	1	1	"体力洗点果实"	0	100	0	0	0	0	0	0	0	0	1	1	1	1	1	1
57	-1	0	1	1	1	1	1	"智力洗点果实"	0	100	0	0	0	0	0	0	0	0	1	1	1	1	1	1
58	-1	0	1	1	1	1	1	"统率洗点果实"	0	100	0	0	0	0	0	0	0	0	1	1	1	1	1	1
59	-1	0	1	1	1	1	1	"移动印章"	0	0	0	0	0	0	0	0	0	0	1	1	1	1	1	1
60	-1	0	1	2	1	1	1	"免罪符"	0	0	0	0	0	0	0	0	0	0	1	1	1	1	1	1
61	-1	0	1	1	1	1	1	"幻影寺院自由入场券"	0	10	0	0	0	0	0	0	0	0	1	1	1	1	1	1
62	-1	0	1	1	1	1	1	"大师经验印章"	0	0	0	0	0	0	0	0	0	0	1	1	1	1	1	1
63	-1	0	1	1	1	1	1	"大师神圣印章"	0	0	0	0	0	0	0	0	0	0	1	1	1	1	1	1
64	8	0	1	1	1	1	1	"强化恶魔"	28	255	0	0	0	0	0	0	0	0	1	1	1	1	1	1
65	8	0	1	1	1	1	1	"强化天使"	28	255	0	0	0	0	0	0	0	0	1	1	1	1	1	1
66	-1	0	1	1	1	1	1	"圣诞之地入场券"	0	10	0	0	0	0	0	0	0	0	1	1	1	1	1	1
67	8	0	1	1	1	1	1	"鲁道夫"	28	255	0	0	0	0	0	0	0	0	1	1	1	1	1	1
68	10	0	1	1	1	1	1	"雪人变身指环"	10	100	0	0	0	0	0	0	0	0	1	1	1	1	1	1
69	-1	0	1	1	1	1	1	"复活符咒"	0	0	0	0	0	0	0	0	0	0	1	1	1	1	1	1
70	-1	0	1	1	1	1	1	"移动符咒"	0	2	0	0	0	0	0	0	0	0	1	1	1	1	1	1
71	8	0	2	3	1	1	1	"剑/斧/枪"	0	255	0	0	0	0	0	0	0	0	1	1	1	1	1	1
72	8	0	2	3	1	1	1	"杖(魔法师)"	0	255	0	0	0	0	0	0	0	0	1	1	1	1	1	1
73	8	0	2	3	1	1	1	"弓/石弩"	0	255	0	0	0	0	0	0	0	0	1	1	1	1	1	1
74	8	0	2	3	1	1	1	"权杖"	0	255	0	0	0	0	0	0	0	0	1	1	1	1	1	1
75	8	0	2	3	1	1	1	"杖(召唤术师)"	0	255	0	0	0	0	0	0	0	0	1	1	1	1	1	1
76	10	0	1	1	1	1	1	"熊猫变身指环"	28	255	0	0	0	0	0	0	0	0	1	1	1	1	1	1
80	8	0	1	1	1	1	1	"熊猫"	28	255	0	0	0	0	0	0	0	0	1	1	1	1	1	1
81	-1	0	1	1	1	1	1	"守护符咒"	0	0	0	0	0	0	0	0	0	0	1	1	1	1	1	1
82	-1	0	1	1	1	1	1	"装备保护符咒"	0	0	0	0	0	0	0	0	0	0	1	1	1	1	1	1
83	-1	0	1	1	1	1	1	"恶魔之翼合成符咒"	0	0	0	0	0	0	0	0	0	0	1	1	1	1	1	1
84	-1	0	1	1	1	1	1	"天使之翼合成符咒"	0	0	0	0	0	0	0	0	0	0	1	1	1	1	1	1
85	-1	0	1	1	1	1	1	"精灵之翼合成符咒"	0	0	0	0	0	0	0	0	0	0	1	1	1	1	1	1
86	-1	0	1	1	1	1	1	"灾难之翼合成符咒"	0	0	0	0	0	0	0	0	0	0	1	1	1	1	1	1
87	-1	0	1	1	1	1	1	"王者披风合成符咒"	0	0	0	0	0	0	0	0	0	0	1	1	1	1	1	1
88	-1	0	1	1	1	1	1	"飞龙之翼合成符咒"	0	0	0	0	0	0	0	0	0	0	1	1	1	1	1	1
89	-1	0	1	1	1	1	1	"魔魂之翼合成符咒"	0	0	0	0	0	0	0	0	0	0	1	1	1	1	1	1
90	-1	0	1	1	1	1	1	"圣灵之翼合成符咒"	0	0	0	0	0	0	0	0	0	0	1	1	1	1	1	1
91	-1	0	1	1	1	1	1	"绝望之翼合成符咒"	0	0	0	0	0	0	0	0	0	0	1	1	1	1	1	1
92	-1	0	1	1	1	1	1	"暗黑之翼合成符咒"	0	0	0	0	0	0	0	0	0	0	1	1	1	1	1	1
93	-1	0	1	1	1	1	1	"大师等级经验印章"	0	0	0	0	0	0	0	0	0	0	1	1	1	1	1	1
94	-1	0	1	1	1	1	1	"大师等级神圣印章"	0	0	0	0	0	0	0	0	0	0	1	1	1	1	1	1
96	-1	0	1	1	1	1	1	"强悍符咒"	0	0	0	0	0	0	0	0	0	0	1	1	1	1	1	1
103	-1	0	1	1	1	1	1	"组队经验值符咒"	0	0	0	0	0	0	0	0	0	0	1	1	1	1	1	1
104	-1	0	1	1	1	1	1	"最大AG提升光环"	0	0	0	0	0	0	0	0	0	0	1	1	1	1	1	1
105	-1	0	1	1	1	1	1	"最大SD提升光环"	0	0	0	0	0	0	0	0	0	0	1	1	1	1	1	1
106	8	0	1	1	1	1	1	"独角兽"	28	255	0	0	0	0	0	0	0	0	1	1	1	1	1	1
107	10	0	1	1	1	1	1	"致命魔法指环"	0	100	0	0	0	0	0	0	0	0	1	1	1	1	1	1
125	-1	0	1	1	1	1	1	"生魂广场自由入场券"	0	10	0	0	0	0	0	0	0	0	1	1	1	1	1	1
126	-1	0	1	1	1	1	1	"巴尔卡自由入场券"	0	10	0	0	0	0	0	0	0	0	1	1	1	1	1	1
127	-1	0	1	1	1	1	1	"巴尔卡7自由入场券"	0	3	0	0	0	0	0	0	0	0	1	1	1	1	1	1
end

14
0	-1	0	1	1	1	1	1	"苹果"	5	1
1	-1	0	1	1	1	1	1	"小瓶治疗药水"	10	10
2	-1	0	1	1	1	1	1	"中瓶治疗药水"	20	25
3	-1	0	1	1	1	1	1	"大瓶治疗药水"	30	40
4	-1	0	1	1	1	1	1	"小瓶魔力药水"	10	10
5	-1	0	1	1	1	1	1	"中瓶魔力药水"	20	25
6	-1	0	1	1	1	1	1	"大瓶魔力药水"	30	40
7	-1	0	1	1	1	1	1	"攻城药水"	30	0
8	-1	0	1	1	1	1	1	"解毒剂"	10	10
9	-1	0	1	2	1	1	1	"酒"	30	15
10	-1	0	1	2	1	1	1	"回城卷轴"	30	30
11	-1	0	1	1	1	1	1	"幸运宝箱"	0	0
12	-1	0	1	1	1	1	1	"心之记忆"	0	0
13	-1	0	1	1	1	1	1	"祝福宝石"	150	25
14	-1	0	1	1	1	1	1	"灵魂宝石"	150	30
15	-1	0	1	1	1	1	1	"金"	0	0
16	-1	0	1	1	1	1	1	"生命宝石"	0	72
17	-1	0	1	1	1	1	1	"恶魔之眼"	0	1
18	-1	0	1	1	1	1	1	"恶魔之钥"	0	1
19	-1	0	1	1	1	1	1	"恶魔广场通行证"	0	0
20	-1	0	1	1	1	1	1	"爱情的魔力"	0	0
21	-1	0	1	1	1	1	1	"奇迹通宝"	0	0
22	-1	0	1	1	1	1	1	"创造宝石"	0	78
23	-1	0	1	1	1	1	1	"帝王之书"	0	0
24	-1	0	1	2	1	1	1	"断魂之剑"	0	0
25	-1	0	1	1	1	1	1	"精灵之泪"	0	0
26	-1	0	1	1	1	1	1	"先知之魂"	0	0
28	-1	0	1	1	1	1	1	"失落的地图"	0	0
29	-1	0	1	1	1	1	1	"昆顿印记"	0	0
31	-1	0	1	1	1	1	1	"守护宝石"	75	0
32	-1	0	1	1	1	1	1	"粉红色宝箱"	0	0
33	-1	0	1	1	1	1	1	"红色宝箱"	0	0
34	-1	0	1	1	1	1	1	"蓝色宝箱"	0	0
35	-1	0	1	1	1	1	1	"小防护药水"	50	0
36	-1	0	1	1	1	1	1	"中防护药水"	80	0
37	-1	0	1	1	1	1	1	"大防护药水"	100	0
38	-1	0	1	1	1	1	1	"小生命圣水"	20	68
39	-1	0	1	1	1	1	1	"中生命圣水"	40	96
40	-1	0	1	1	1	1	1	"大生命圣水"	60	118
41	-1	0	1	1	1	1	1	"再生原石"	150	25
42	-1	0	1	1	1	1	1	"再生宝石"	150	25
43	-1	0	1	1	1	1	1	"初级进化宝石"	150	25
44	-1	0	1	1	1	1	1	"高级进化宝石"	150	25
45	-1	0	1	1	1	1	1	"幸运南瓜"	0	1
46	-1	0	1	2	1	1	1	"南瓜灯的祝福"	0	0
47	-1	0	1	2	1	1	1	"南瓜灯的愤怒"	0	0
48	-1	0	1	2	1	1	1	"南瓜灯的呐喊"	0	0
49	-1	0	1	1	1	1	1	"南瓜灯的食物"	0	0
50	-1	0	1	1	1	1	1	"南瓜灯的饮料"	0	0
51	-1	0	1	1	1	1	1	"圣诞之星"	0	0
52	-1	0	1	1	1	1	1	"GM礼物宝箱"	0	0
53	-1	0	1	1	1	1	1	"幸运符咒"	0	0
54	-1	0	1	1	1	1	1	"玛雅卡片"	0	0
55	-1	0	1	1	1	1	1	"绿色玛雅宝箱"	0	0
56	-1	0	1	1	1	1	1	"红色玛雅宝箱"	0	0
57	-1	0	1	1	1	1	1	"紫色玛雅宝箱"	0	0
58	-1	0	1	1	1	1	1	"宝物封印1"	0	0
59	-1	0	1	1	1	1	1	"宝物封印2"	0	0
60	-1	0	1	1	1	1	1	"宝物封印3"	0	0
61	-1	0	1	1	1	1	1	"宝物封印4"	0	0
62	-1	0	1	1	1	1	1	"宝物封印5"	0	0
63	-1	0	1	1	1	1	1	"爆竹"	0	0
64	-1	0	1	1	1	1	1	"诅咒之礼"	0	0
65	-1	0	1	1	1	1	1	"天魔菲尼斯的火种"	0	0
66	-1	0	1	2	1	1	1	"炽炎魔的角"	0	0
67	-1	0	1	2	1	1	1	"丛林召唤者的羽毛"	0	0
68	-1	0	1	2	1	1	1	"深渊之眼"	0	0
70	-1	0	1	1	1	1	1	"精华治疗药水"	0	0
71	-1	0	1	1	1	1	1	"精华魔力药水"	0	0
72	-1	0	2	2	1	1	1	"加速卷轴"	0	0
73	-1	0	2	2	1	1	1	"防御卷轴"	0	0
74	-1	0	2	2	1	1	1	"愤怒卷轴"	0	0
75	-1	0	2	2	1	1	1	"魔力卷轴"	0	0
76	-1	0	2	2	1	1	1	"体力卷轴"	0	0
77	-1	0	2	2	1	1	1	"魔法卷轴"	0	0
78	-1	0	1	2	1	1	1	"力量圣水"	0	0
79	-1	0	1	2	1	1	1	"敏捷圣水"	0	0
80	-1	0	1	2	1	1	1	"体力圣水"	0	0
81	-1	0	1	2	1	1	1	"智力圣水"	0	0
82	-1	0	1	2	1	1	1	"统率圣水"	0	0
83	-1	0	1	1	1	1	1	"宝物封印6"	0	0
84	-1	0	1	1	1	1	1	"樱花游戏箱"	0	0
85	-1	0	1	2	1	1	1	"樱花酒"	0	0
86	-1	0	1	1	1	1	1	"樱花饼"	0	0
87	-1	0	1	1	1	1	1	"樱花花瓣"	0	0
88	-1	0	1	2	1	1	1	"白色樱花树枝"	0	0
89	-1	0	1	2	1	1	1	"红色樱花树枝"	0	0
90	-1	0	1	2	1	1	1	"黄色樱花树枝"	0	0
91	-1	0	1	1	1	1	1	"召唤术师角色卡"	0	0
92	-1	0	1	1	1	1	1	"黄金玛雅卡片"	0	0
93	-1	0	1	1	1	1	1	"稀有玛雅卡片"	0	0
94	-1	0	1	1	1	1	1	"中型精华治疗药水"	0	0
95	-1	0	1	1	1	1	1	"迷你玛雅卡片"	0	0
96	-1	0	1	1	1	1	1	"合成保护符咒"	0	0
97	-1	0	2	2	1	1	1	"幸运一击卷轴"	0	0
98	-1	0	2	2	1	1	1	"卓越一击卷轴"	0	0
99	-1	0	1	1	1	1	1	"圣诞鞭炮"	0	0
100	-1	0	1	1	1	1	1	"幸运铜币"	0	0
101	-1	0	1	1	1	1	1	"奇怪的纸条"	0	32
102	-1	0	1	1	1	1	1	"凯文的指令"	0	0
103	-1	0	1	1	1	1	1	"希克拉碎片1"	0	0
104	-1	0	1	1	1	1	1	"希克拉碎片2"	0	0
105	-1	0	1	1	1	1	1	"希克拉碎片3"	0	0
106	-1	0	1	1	1	1	1	"希克拉碎片4"	0	0
107	-1	0	1	1	1	1	1	"希克拉碎片5"	0	0
108	-1	0	1	1	1	1	1	"希克拉碎片6"	0	0
109	-1	0	1	1	1	1	1	"完整的希克拉"	0	0
110	-1	0	1	1	1	1	1	"次元标识"	0	32
111	-1	0	1	1	1	1	1	"次元魔镜"	0	0
133	-1	0	1	1	1	1	1	"精华防护值药水"	0	0
134	-1	0	2	2	1	1	1	"自定义礼包"	0	0
140	-1	0	2	2	1	1	1	"恢复卷轴"	0	0
141	-1	0	1	1	1	1	1	"闪耀的宝石盒"	0	0
142	-1	0	1	1	1	1	1	"精炼的宝石盒"	0	0
143	-1	0	1	1	1	1	1	"铁制宝石盒"	0	0
144	-1	0	1	1	1	1	1	"陈旧的宝石盒"	0	0
145	-1	0	1	1	1	1	1	"稀有物品兑换票7"	0	0
146	-1	0	1	1	1	1	1	"稀有物品兑换票8"	0	0
147	-1	0	1	1	1	1	1	"稀有物品兑换票9"	0	0
148	-1	0	1	1	1	1	1	"稀有物品兑换票10"	0	0
149	-1	0	1	1	1	1	1	"稀有物品兑换票11"	0	0
150	-1	0	1	1	1	1	1	"稀有物品兑换票12"	0	0
200	-1	0	1	1	1	1	1	"等级宝石（75%）"	0	0
201	-1	0	1	1	1	1	1	"幸运宝石（75%）"	0	0
202	-1	0	1	1	1	1	1	"技能宝石（75%）"	0	0
203	-1	0	1	1	1	1	1	"卓越宝石（75%）"	0	0
204	-1	0	1	1	1	1	1	"属性宝石（75%）"	0	0
205	-1	0	1	1	1	1	1	"属性重置（75%）"	0	0
206	-1	0	1	1	1	1	1	"套装宝石（75%）"	0	0
207	-1	0	1	1	1	1	1	"打孔宝石（75%）"	0	0
208	-1	0	1	1	1	1	1	"会员附魔石（75%）"	0	0
209	-1	0	1	1	1	1	1	"PVP属性石（75%）"	0	0
210	-1	0	1	1	1	1	1	"解除会员附魔石（75%）"	0	0
213	-1	0	1	1	1	1	1	"会员附魔石（75%）"	0	0
220	-1	0	1	2	1	1	1	"经验书"	0	0
221	-1	0	1	2	1	1	1	"经验秘籍"	0	0
222	-1	0	1	2	1	1	1	"昆顿BOSS召唤"	0	0
223	-1	0	1	1	1	1	1	"普通积分"	0	0
224	-1	0	2	1	1	1	1	"普通元宝"	0	0
225	-1	0	1	1	1	1	1	"积分随机"	0	0
226	-1	0	2	1	1	1	1	"元宝随机"	0	0
227	-1	0	1	2	1	1	1	"获得属性点"	0	0
228	-1	0	2	2	1	1	1	"普通等级+1级"	0	0
229	-1	0	2	2	1	1	1	"大师等级+1级"	0	0
230	-1	0	1	2	1	1	1	"恢复AG"	0	0
231	-1	0	2	2	1	1	1	"地图移动道具"	0	0
232	-1	0	1	1	1	1	1	"增加VIP等级"	0	0
233	-1	0	1	2	1	1	1	"增加果实点数上限"	0	0
234	-1	0	2	2	1	1	1	"增加战力值"	0	0
235	-1	0	1	1	1	1	1	"新增右击物品16"	0	0
236	-1	0	1	1	1	1	1	"新增右击物品17"	0	0
237	-1	0	2	2	1	1	1	"新增右击物品18"	0	0
238	-1	0	2	2	1	1	1	"新增右击物品19"	0	0
239	-1	0	2	2	1	1	1	"新增右击物品20"	0	0
240	-1	0	2	2	1	1	1	"新增右击物品21"	0	0
241	-1	0	2	2	1	1	1	"新增右击物品22"	0	0
242	-1	0	2	2	1	1	1	"新增右击物品23"	0	0
243	-1	0	2	1	1	1	1	"新增右击物品24"	0	0
244	-1	0	2	1	1	1	1	"新增右击物品25"	0	0
245	-1	0	2	3	1	1	1	"新增右击物品26"	0	0
246	-1	0	2	3	1	1	1	"新增右击物品27"	0	0
247	-1	0	1	1	1	1	1	"驱魔符咒"	0	0
248	-1	0	1	1	1	1	1	"驱魔物品"	0	0
249	-1	0	1	1	1	1	1	"押镖物品"	0	0
end

15
0	-1	0	1	2	1	0	1	"毒咒术"	30	0	100	17000	1	0	0	1	0	0
1	-1	0	1	2	1	0	1	"陨石术"	21	0	100	11000	1	0	0	1	0	1
2	-1	0	1	2	1	0	1	"掌心雷术"	13	0	100	3000	1	0	0	1	0	0
3	-1	0	1	2	1	0	1	"火球术"	5	0	100	300	1	0	0	1	0	1
4	-1	0	1	2	1	0	1	"火龙术"	35	0	100	21000	1	0	0	1	0	0
5	-1	0	1	2	1	0	1	"瞬间移动术"	17	0	100	5000	1	0	0	0	0	0
6	-1	0	1	2	1	0	1	"冰封术"	25	0	100	14000	1	0	0	1	0	1
7	-1	0	1	2	1	0	1	"龙卷风术"	40	0	100	25000	1	0	0	1	0	0
8	-1	0	1	2	1	0	1	"黑龙波术"	50	0	100	35000	1	0	0	1	0	0
9	-1	0	1	2	1	0	1	"地狱火术"	60	0	100	60000	1	0	0	1	0	0
10	-1	0	1	2	1	0	1	"真空波术"	9	0	100	1150	1	0	0	1	0	1
11	-1	0	1	2	1	0	1	"极光术"	74	0	110	100000	1	0	0	1	0	0
12	-1	0	1	2	1	0	1	"爆炎术"	80	0	150	175000	1	0	0	1	0	0
13	-1	0	1	2	1	0	1	"毁灭烈焰术"	88	0	200	265000	1	0	0	1	0	0
14	-1	0	1	2	1	0	1	"小挪移术"	83	0	188	245000	2	0	0	0	0	0
15	-1	0	1	2	1	0	1	"守护之魂术"	77	0	126	135000	1	0	0	0	0	0
16	-1	0	1	2	1	0	1	"单毒炎术"	96	0	243	345000	2	0	0	0	0	0
17	-1	0	1	2	1	0	1	"暴风雪术"	93	0	223	315000	2	0	0	0	0	0
18	-1	0	1	2	1	0	1	"星辰一怒术"	100	0	258	410000	2	0	0	0	0	0
19	-1	0	1	2	1	0	1	"链雷咒羊皮纸"	75	0	75	175000	0	0	0	0	0	1
20	-1	0	1	2	1	0	1	"摄魂咒羊皮纸"	35	0	93	100000	0	0	0	0	0	1
21	-1	0	1	2	1	0	1	"烈光闪羊皮纸"	93	0	216	315000	0	0	0	0	0	1
22	-1	0	1	2	1	0	1	"伤害反射羊皮纸"	80	0	111	245000	0	0	0	0	0	1
23	-1	0	1	2	1	0	1	"狂暴术羊皮纸"	83	0	181	265000	0	0	0	0	0	1
24	-1	0	1	2	1	0	1	"昏睡羊皮纸"	40	0	100	135000	0	0	0	0	0	1
26	-1	0	1	2	1	0	1	"虚弱阵羊皮纸"	93	0	173	410000	0	0	0	0	0	2
27	-1	0	1	2	1	0	1	"破御阵羊皮纸"	111	0	201	450000	0	0	0	0	0	2
28	-1	0	1	2	1	0	1	"魔力强化法书"	100	220	118	425000	2	0	0	0	0	0
29	-1	0	1	2	1	0	1	"闪电轰顶法书"	100	220	118	380000	0	0	0	1	0	0
end
